-20.1577	-12.472
-20.1856	-19.7572
-19.2694	-18.3512
-21.3027	-19.8518
-20.5595	-16.0904
-18.8653	-17.4433
-19.2828	-20.1061
-19.1343	-14.4034
-19.2548	-14.131
-19.251	-17.0834
-21.2266	-17.5668
-20.4484	-15.0231
-20.5059	-16.4707
-19.5	-17.6393
-18.0078	-12.37
-4.299	-13.1489
-3.52137	-13.3475
-1.99223	-12.2211
-2.59286	-15.5347
-2.84026	-14.4307
-3.58737	-12.926
-3.57676	-12.1488
-4.39339	-10.8313
-4.24653	-12.389
-4.56621	-11.2097
-4.3316	-11.0158
-5.11018	-11.7
-5.28641	-11.3406
-6.03105	-10.7258
-6.21515	-12.2373
-5.81501	-13.3927
-6.63186	-12.0809
-6.81641	-12.6642
-7.28945	-11.4855
-7.2706	-11.4131
-7.32879	-11.7079
-11.1781	-14.5191
-11.2085	-18.8737
-13.0398	-17.6703
-14.2526	-16.0063
-14.0403	-15.4148
-12.9897	-16.9437
-13.4935	-15.6255
-14.3307	-13.3341
-12.8292	-13.2219
-12.347	-12.2819
-11.8926	-9.98666
-13.2271	-4.34913
-17.0296	-4.11944
-15.777	-5.05501
-16.5315	-3.60727
-18.9207	1.43634
-19.89	1.7886
-19.483	2.25586
-18.5571	0.927662
-17.7606	0.214879
-16.3415	-0.275671
-14.2053	-2.80194
-8.59165	-3.15826
-6.05743	-2.36772
-5.72235	-4.00453
-5.31729	-4.8844
-6.10652	-5.68912
-5.5579	-6.00933
-6.19146	-7.31257
-6.98094	-8.70188
-7.02229	-8.74817
-9.84409	-11.3822
-10.1451	-16.943
-10.0185	-18.0196
-10.5394	-17.2069
-11.0246	-15.9732
-11.1219	-15.3718
-11.9219	-12.6866
-12.5591	-9.26437
-11.4418	-4.33291
-10.8043	0.794374
-11.8984	4.35279
-11.4382	5.97526
-12.8332	3.51078
-12.484	3.85243
-12.6142	1.77395
-10.348	-0.708345
-9.91724	-3.60691
-10.4792	-4.79084
-11.6307	-6.60543
-12.0008	-9.19813
-11.5357	-10.5563
-9.62034	-10.6924
-4.80388	-10.8706
-3.45937	-7.36887
-2.05602	-8.38789
-1.70601	-8.01536
-1.3511	-6.18768
-7.36966	-2.10803
-9.51634	-2.15573
-11.6748	-1.48543
-22.0478	0.749587
-19.8164	-6.56903
-21.6658	-7.46274
-21.1615	-2.45538
-16.061	-2.99998
-19.5863	-11.5517
-16.6811	-12.9128
-12.9104	-7.89893
-4.56382	-10.8443
-3.49703	-12.5628
-5.66138	-11.9377
-17.3843	-3.93681
-14.5486	-9.72605
-9.2578	-14.2995
-6.93562	-14.8739
-4.82485	-12.4045
-2.75224	-10.2795
-2.96394	-7.01384
-5.80299	-1.60517
-9.20091	-2.36881
-16.1469	-9.37208
-19.9822	-8.50104
-21.8637	-7.96531
-24.0242	-7.27594
-27.0155	-3.65005
-29.6256	-4.9387
-31.894	-1.63503
-31.491	-5.2452
-29.2241	-6.99389
-28.3588	-2.98161
-23.5701	-5.80647
-21.732	-3.43008
-20.1455	-11.0104
-20.0044	-14.1259
-23.5802	-15.4863
-20.2467	-15.9853
-19.5818	-13.894
-17.0877	-10.5261
-16.8881	-9.57055
-14.5028	-4.57118
-12.105	-11.0219
-11.6909	-10.1877
-13.2032	-12.1507
-10.5648	-5.89568
-5.91436	-4.93606
-20.766	-5.9572
-15.6504	-10.5281
-13.0115	-13.5154
-12.8255	-13.293
-12.8704	-14.1619
-12.7874	-14.5578
-12.4209	-15.6283
-12.5194	-15.5744
-13.0669	-14.1164
-12.7879	-15.867
-10.6904	-19.8663
-10.2918	-22.389
-9.60609	-24.9188
-7.83791	-25.7416
-6.23363	-26.7681
-7.34708	-26.6097
-5.3588	-26.384
-3.4893	-24.9379
-3.64461	-14.8801
-4.03289	-11.0918
-5.92125	-9.87325
-4.63185	-9.66518
-6.72268	-11.7589
-7.76206	-12.1533
-8.45782	-9.01591
-14.7281	-9.09688
-20.5139	-6.53591
-13.9794	-8.6661
-13.1314	-10.5854
-13.0219	-10.8835
-12.3636	-5.49382
-13.2321	-7.54391
-6.11685	-3.93508
-4.74188	-8.83282
-7.56115	-15.5067
-9.08298	-18.3544
-6.46957	-20.7159
-9.30671	-17.2131
-5.55237	-20.1387
-8.24663	-31.8501
-12.2469	-30.1569
-14.8755	-24.2135
-10.7874	-18.2246
-3.97608	-20.0578
-6.03413	-19.9735
-5.6631	-19.8935
-8.34575	-18.0749
-8.86462	-15.9424
-9.57205	-15.1331
-11.9509	-13.9857
-12.879	-16.0475
-13.6179	-14.3348
-15.6033	-17.3483
-18.9171	-17.8771
-20.6262	-18.8066
-22.1038	-18.2995
-22.26	-18.2932
-19.3798	-15.8452
-21.24	-17.6248
-21.3273	-17.6775
-20.42	-14.9317
-20.3604	-17.5601
-22.125	-18.2342
-16.2638	-11.5082
-23.8106	-8.79676
-24.7208	-11.946
-20.7202	-19.6936
-22.2175	-19.1961
-19.6277	-15.8929
-17.2085	-12.2591
-17.2006	-10.8014
-19.095	-13.8163
-22.3387	-15.5256
-22.7652	-13.7522
-21.1578	-16.9881
-24.224	-16.3533
-18.5888	-5.58532
-11.0001	-13.7431
-11.166	-13.9438
-9.36563	-10.3267
-12.52	-10.6477
-11.2368	-15.3474
-10.3258	-18.5161
-11.673	-17.6412
-11.6098	-18.5841
-12.7125	-18.0906
-12.1922	-18.6608
-12.6057	-16.9946
-12.552	-15.6237
-11.5831	-14.1437
-11.8853	-11.59
-11.6003	-8.06131
-10.6624	-5.63321
-10.8082	-4.17565
-10.7612	-3.09362
-10.952	-2.03301
-11.0194	-1.6402
-12.7135	-0.618933
-14.9209	1.39225
-16.0206	-0.229524
-17.4651	-1.9008
-18.3402	-4.65185
-18.8566	-8.35106
-17.9388	-12.3467
-15.9259	-14.9518
-12.7695	-15.8103
-10.19	-15.0444
-9.05201	-14.357
-8.62582	-12.8598
-8.69535	-14.6107
-6.63556	-20.0839
-4.58742	-23.0345
-8.6963	-15.3261
-13.5805	-17.7051
-9.18494	-21.1815
-7.55428	-23.4022
-10.4222	-19.0305
-10.5521	-22.0307
-11.7547	-23.3262
-14.0576	-21.5922
-15.1048	-20.1309
-16.4294	-20.2924
-18.0328	-19.5046
-17.9624	-20.1201
-18.6624	-19.7898
-18.6567	-20.3541
-18.3201	-21.7993
-17.8851	-22.6949
-16.98	-24.3707
-16.0891	-25.4308
-14.7661	-25.46
-13.695	-23.3389
-12.8597	-20.1937
-12.9168	-18.8569
-13.2321	-17.2801
-12.248	-16.9654
-11.3192	-12.4761
-10.9958	-12.2922
-10.7027	-12.1266
-10.1032	-12.7511
-11.0218	-13.3004
-11.2885	-13.1501
-10.8849	-18.7609
-13.9528	-17.6424
-13.8475	-16.7326
-13.0968	-16.7299
-12.047	-17.1076
-10.9346	-12.8778
-8.03197	-11.4829
-7.22448	-11.573
-6.54233	-10.3062
-5.09739	-9.05411
-3.60929	-9.4349
-6.26245	-10.5315
-5.53336	-10.1313
-7.17409	-6.71883
-12.3394	-8.66592
-14.245	-12.0316
-15.358	-11.9404
-22.0399	-16.3918
-23.5697	-18.2918
-18.8298	-7.01113
-12.3504	-21.3018
-14.1637	-21.4413
-9.40309	-22.4227
-9.06268	-27.5611
-1.76553	-18.707
-5.0548	-11.755
-7.16722	-9.53126
-6.08738	-9.59366
-12.109	-8.05399
-20.3656	-17.3244
-14.1783	-13.1095
-9.6207	-11.5083
-6.41733	-17.332
-11.389	-15.7575
-11.2943	-15.0975
-10.5949	-14.3926
-8.59522	-14.4393
-7.3135	-12.2765
-6.79182	-7.1677
-7.96757	-3.84531
-9.72444	-8.31772
-20.7004	-17.0245
-20.9612	-16.5401
-17.2805	-14.7861
-13.993	-13.9952
-8.2715	-18.0668
-7.64824	-17.4521
-8.19289	-17.6996
-6.97716	-10.1513
-7.10696	-4.04714
-12.5386	2.39182
-20.8825	2.79329
-24.3714	-0.777738
-28.5988	-3.53864
-32.2861	-4.25381
-30.8354	-1.80562
-32.7381	-6.32945
-31.0906	-5.65896
-29.7247	-6.334
-23.4445	-2.31073
-10.0296	-6.35212
-10.2886	-4.01217
-13.6788	-7.70555
-10.2328	-10.54
-12.2416	-8.46755
-6.66419	-4.03339
-10.787	3.40383
-17.6627	1.87656
-23.872	-5.57627
-23.1898	-10.0915
-22.7735	-13.2368
-22.0564	-14.1224
-21.3189	-13.5378
-20.6387	-12.1323
-20.7019	-12.0918
-14.3016	-9.56524
-18.636	-11.413
-16.6027	-11.498
-7.22119	-20.1506
-5.86338	-24.8766
-3.97523	-23.1429
-5.90669	-20.6157
-8.84278	-13.3195
-7.42335	-11.8579
-6.31155	-12.052
-6.61483	-10.5312
-7.26784	-5.81666
-7.60836	-1.47151
-9.12967	0.286477
-10.6138	0.702303
-8.04639	-6.38534
-4.1351	-8.03519
-2.71821	-9.43665
-3.27406	-7.05624
-3.90964	-5.36218
-3.72836	-5.42874
-3.80492	-5.43573
-3.39085	-3.19306
-6.29898	-4.68341
-8.02397	-6.63519
-10.8169	-8.38026
-18.9828	-22.2075
-19.4142	-21.2825
-21.9454	-22.0747
-14.7422	-17.3733
-4.26326	-12.5591
-4.60849	-16.0572
-5.16722	-17.329
-5.53337	-20.0267
-5.16633	-20.4144
-5.93647	-16.3459
-8.68166	-10.9554
-7.19135	-11.2555
-6.18478	-8.76811
-7.91516	-4.33828
-10.813	-10.2667
-14.5315	-12.8593
-16.1535	-13.7612
-15.1708	-15.9111
-18.1629	-20.3091
-15.258	-20.4798
-13.4251	-12.8096
-10.2775	-20.4757
-8.69795	-24.0187
-9.74006	-25.9252
-11.6703	-24.959
-12.0693	-25.6568
-12.8883	-24.4027
-12.5483	-24.8754
-12.0107	-24.8108
-10.3562	-23.9288
-8.50335	-21.7745
-7.72406	-12.7954
-7.05418	-11.1911
-5.96958	-10.3707
-4.48711	-10.6979
-3.84498	-9.57832
-3.32583	-11.2744
-4.23181	-12.1011
-4.66061	-8.63799
-4.96314	-3.36862
-7.5689	-8.52646
-11.8339	-9.24931
-11.7131	-7.81823
-10.2651	-5.80669
-10.7373	-7.62375
-21.0502	-13.4313
-22.428	-17.7256
-20.7681	-16.8982
-20.5045	-16.6588
-22.6823	-16.0119
-21.1639	-17.1602
-21.7451	-17.0326
-19.4424	-17.279
-17.6096	-15.0968
-19.352	-17.1774
-20.3135	-15.1187
-16.2657	-6.65438
-14.6673	-11.5069
-13.2204	-9.45166
-11.2153	-6.4383
-10.0157	-5.33777
-9.47221	-2.86042
-11.9021	1.96439
-15.1845	-0.0389218
-17.6653	-3.20784
-22.1181	-3.38143
-24.7364	-10.1153
-27.7779	-10.9734
-27.0806	-8.8602
-26.0422	-9.97453
-24.2927	-7.86751
-23.3504	-7.90827
-22.3926	-8.6945
-24.3194	-13.3765
-24.1617	-12.2378
-21.7787	-15.6156
-10.5942	-13.3906
-7.04678	-22.4505
-9.42814	-23.9661
-9.59389	-24.8018
-8.88311	-24.8163
-6.83717	-21.8338
-4.54638	-17.0665
-11.1325	-4.20134
-18.0642	-3.44423
-23.2643	-7.57742
-26.0471	-6.11998
-26.2034	-7.34871
-27.1183	-8.92648
-20.9725	-4.99852
-9.54206	-3.37561
-11.1202	-9.09943
-12.05	-11.2748
-12.9952	-9.05692
-10.4977	-10.1084
-10.6942	-12.7271
-10.4857	-15.0229
-8.51342	-15.9588
-8.18821	-14.8838
-7.02277	-12.9591
-5.98498	-13.5556
-5.82968	-13.6393
-9.07631	-20.5826
-9.1221	-24.6083
-9.19826	-24.7073
-8.81826	-22.7542
-7.40084	-21.4525
-5.99869	-18.5501
-3.82797	-14.8317
-3.68151	-13.0357
-8.37502	-10.0716
-10.2352	-10.6291
-10.5825	-17.6893
-8.09795	-18.6096
-4.9216	-11.339
-1.48765	-13.6868
-1.58295	-16.2156
-2.4084	-15.6463
-2.80908	-14.6532
-2.88805	-13.5673
-1.86651	-11.9147
-0.375581	-11.9131
-1.67081	-7.67683
-5.18661	-9.37533
-14.8221	-5.48414
-21.9508	-12.3414
-25.401	-14.1685
-27.7013	-16.0818
-27.7239	-12.4401
-28.0558	-15.8577
-27.9673	-13.1699
-20.6643	-9.28994
-21.525	-12.8325
-14.4769	-3.26324
-11.9519	-2.10056
-12.2081	-4.22307
-12.4934	-6.04641
-12.719	-5.39807
-10.8364	-6.95039
-8.4432	-9.1012
-6.0154	-10.6388
-3.37087	-10.8975
-1.72461	-12.0972
-2.00292	-10.5618
0.613884	-11.2175
-0.982157	-10.1015
-1.42227	-9.99444
-3.32675	-12.1627
-4.59008	-12.7788
-6.88111	-14.2513
-8.86108	-14.7392
-8.60435	-12.6868
-12.2727	-4.31475
-19.5849	-4.64342
-15.3773	-4.42138
-7.9795	-18.8018
-10.2272	-21.0186
-10.2622	-22.9092
-13.5236	-21.8569
-12.409	-23.6568
-13.9699	-21.6148
-14.0879	-19.2984
-14.5714	-16.2589
-14.3943	-12.239
-14.9397	-6.64308
-15.6057	-0.023792
-16.4188	3.85516
-16.7219	6.34433
-16.2661	7.76164
-13.8184	5.41458
-11.1787	3.44355
-10.3947	0.680746
-9.04889	1.69687
-8.59782	0.593408
-7.58779	-0.948591
-8.03979	-2.6314
-7.79909	-3.14595
-8.3176	-3.74295
-9.27694	-3.328
-12.3075	-0.118644
-19.2593	-1.44367
-26.4886	-9.43009
-28.9295	-7.4206
-28.3608	-6.7599
-31.1335	-9.68905
-31.7283	-10.7613
-31.7863	-10.7545
-30.5127	-6.57474
-27.9344	-7.01964
-25.3227	-9.42332
-19.8612	-9.00166
-15.3886	-12.6165
-9.38772	-17.5772
-8.418	-22.4803
-10.1171	-23.8617
-12.8849	-23.7277
-12.1998	-23.0622
-12.0882	-26.0871
-8.55654	-24.4383
-10.4797	-28.831
-8.03709	-24.9682
-7.38795	-27.0557
-4.80766	-28.3606
-5.79819	-23.2428
-4.89027	-21.0447
-5.38132	-17.0309
-5.52089	-15.4618
-7.52706	-11.2628
-9.69175	-8.36352
-11.1639	-11.0001
-13.544	-11.531
-14.1672	-13.1484
-16.7221	-16.0993
-18.7343	-14.3261
-18.4225	-14.4107
-18.5636	-16.9839
-19.9788	-15.0019
-21.6392	-17.3808
-19.1574	-17.106
-22.2667	-20.3274
-16.2069	-11.8135
-19.3941	-17.4836
-19.9226	-16.7511
-22.9751	-20.6956
-21.0194	-20.357
-20.7295	-18.0108
-19.7768	-15.3923
-19.4479	-17.9321
-16.6434	-17.5691
-10.9131	-9.37149
-2.85322	-4.15312
-3.38584	-2.05865
-3.88545	-1.14973
-3.94684	-4.27157
-2.8167	-3.46678
-5.52476	-0.663189
-12.3669	-4.63351
-11.1593	-0.350341
-10.9413	3.7618
-10.5658	0.582212
-10.7928	0.736845
-10.3332	3.01617
-9.0961	3.72648
-12.0413	3.75531
-15.6372	-1.51295
-19.0774	-2.93672
-22.1944	-5.39611
-24.8301	-10.7435
-27.4341	-9.08342
-25.6082	-9.74793
-27.357	-10.2286
-26.8253	-9.83708
-28.4441	-13.2138
-25.2968	-12.4601
-15.7825	-6.54307
-11.5585	-9.60294
-9.7064	-13.6438
-10.7894	-14.7038
-11.1436	-16.2996
-12.0374	-16.1676
-12.4521	-15.3416
-11.8837	-15.011
-11.4521	-13.4152
-9.63674	-12.0744
-6.3092	-12.0669
-5.75058	-12.7948
-4.93489	-12.5435
-4.73414	-12.3541
-4.47491	-11.6104
-4.60561	-10.3893
-4.14922	-10.5015
-4.44256	-9.77738
-2.84277	-8.05876
-3.76128	-7.56503
-7.29345	-0.624064
-13.9334	5.17766
-9.64177	2.22725
-21.3685	-6.07664
-20.092	0.0730871
-16.0401	2.78261
-15.0591	-2.76863
-14.8328	-0.753287
-16.8975	-0.525122
-18.5205	-0.515771
-17.6308	-7.05395
-12.873	-12.1926
-15.4838	-19.3286
-15.124	-22.7155
-14.5258	-24.84
-13.5434	-26.4467
-12.1713	-28.3275
-9.97858	-28.3304
-7.55026	-27.3943
-6.01942	-20.556
-10.0512	-9.2536
-20.8221	-9.95238
-26.3802	-12.1504
-30.0324	-12.1929
-28.8699	-17.8219
-27.7511	-10.3811
-28.2821	-10.4721
-26.5892	-9.91374
-12.021	-8.68296
-17.3893	-5.10857
-19.9999	-1.51674
-19.9687	-0.214747
-18.3053	0.588568
-13.8981	2.95459
-7.97608	-3.68349
-10.1784	-5.23478
-14.3325	-9.38169
-18.6874	-9.2436
-20.2606	-12.0118
-20.3017	-16.6347
-17.2292	-12.4565
-13.1029	-19.719
-10.6036	-23.3146
-9.88304	-26.0001
-9.1718	-27.0382
-7.98282	-23.5063
-5.54271	-19.871
-7.6632	-15.8712
-8.47051	-13.837
-7.81187	-14.7044
-6.30741	-13.8352
-7.03384	-13.1002
-6.86996	-12.5285
-6.69414	-12.5215
-5.26987	-13.5943
-4.60481	-12.5153
-2.51173	-13.0939
-4.32092	-11.1742
-3.82574	-11.9421
-4.07915	-11.001
-4.63051	-11.9064
-4.19661	-11.8098
-5.44829	-6.54023
-5.14481	-4.50167
-4.48863	-2.22395
-3.21732	-0.874459
-3.5231	-4.11601
-3.8453	-4.44149
-4.69451	-2.8479
-5.02193	-5.20487
-9.60448	-3.51742
-8.85756	-7.27376
-12.9084	-7.47882
-32.0115	-16.025
-29.8433	-10.6814
-23.2441	-11.7
-20.2182	-7.74516
-16.9517	-4.40696
-10.5599	0.723107
-15.6781	-2.77042
-13.7341	-7.06817
-10.3735	-13.3518
-11.508	-11.8767
-12.8291	-10.6314
-12.9867	-7.74425
-11.4584	-1.13692
-10.6417	-4.80838
-12.9796	-8.5152
-15.6982	-12.6542
-16.8779	-12.8805
-16.426	-12.9722
-18.1011	-16.7266
-17.1846	-15.6282
-16.663	-13.1354
-23.8115	-18.0896
-19.7259	-15.6196
-17.0641	-14.6153
-10.3264	-17.7414
-9.57763	-20.5449
-10.1519	-22.9988
-10.6129	-23.5289
-8.34386	-24.1672
-4.9873	-21.6136
-4.7073	-13.8982
-8.73768	-6.01244
-19.112	-5.77879
-24.616	-12.2823
-23.9429	-13.6981
-23.8028	-11.8973
-23.0231	-12.4644
-23.5398	-13.8179
-20.8261	-14.4441
-23.9974	-11.9808
-23.1255	-10.3878
-25.7813	-11.1597
-24.861	-4.43277
-26.0766	-5.0043
-24.9631	-6.31315
-18.8735	-6.31386
-8.91019	-12.2987
-9.77786	-12.5348
-16.7494	-15.6314
-11.8752	-9.60369
-3.61525	-15.8439
-2.34389	-17.9678
-0.872469	-17.1677
-0.730821	-14.5116
-1.68995	-12.6313
0.0627541	-12.7239
0.58306	-11.9051
-0.478834	-12.6619
-0.866875	-13.533
-2.3168	-15.1896
-3.75176	-17.6226
-4.89657	-20.7479
-6.62425	-22.5002
-8.65572	-23.5611
-8.95492	-25.9775
-9.25105	-27.3868
-6.33324	-21.383
-7.51356	-26.3778
-6.75858	-23.4747
-7.23771	-24.278
-6.64709	-24.6148
-6.3433	-25.1439
-6.49666	-23.0841
-6.70618	-21.156
-6.28788	-17.9739
-6.30866	-15.3316
-10.4133	-14.9634
-14.7085	-18.2921
-16.9622	-17.9053
-14.4062	-14.6496
-15.0605	-16.1258
-17.3465	-16.6931
-16.1409	-17.6725
-20.5546	-15.3309
-22.72	-15.314
-22.2963	-17.2179
-25.6382	-14.2319
-27.4027	-12.7395
-27.7669	-11.904
-25.8147	-12.9306
-26.3052	-14.9678
-25.0435	-14.7326
-25.7147	-13.5231
-29.0039	-14.1098
-27.8114	-11.5871
-25.035	-12.5893
-21.9507	-9.94489
-22.3032	-7.65977
-23.5913	-11.9364
-24.4388	-11.7152
-20.8711	-11.3781
-19.96	-17.5764
-20.6331	-18.9868
-22.8854	-19.8359
-20.3887	-15.1333
-20.3621	-17.9503
-19.4222	-14.7126
-21.1825	-13.5909
-20.0948	-17.3791
-20.033	-17.888
-21.4638	-16.6694
-18.4991	-16.8695
-19.9869	-17.1835
-15.8868	-10.0938
-20.7958	-17.3235
-21.6038	-19.2221
-20.248	-15.9812
-20.6015	-16.8452
-20.6601	-18.483
-19.3793	-13.5011
-19.7277	-17.3115
-20.6542	-19.0829
-23.2121	-17.832
-19.8483	-17.3497
-13.9838	-10.1245
-4.58497	-4.19261
-2.87863	-2.48585
-3.91296	-3.76933
-12.1167	-3.35068
-13.8451	-8.96653
-8.27876	-13.553
-8.51215	-13.7417
-7.92033	-14.0275
-7.3069	-12.7263
-7.33498	-12.5266
-6.68298	-9.55321
-5.87923	-8.12785
-7.009	-5.46651
-9.59891	-5.06064
-13.8559	-3.99112
-16.4677	-7.62035
-19.8929	-4.99919
-19.4884	-7.33236
-20.9369	-7.45299
-20.3491	-6.92207
-21.6521	-8.45339
-17.7761	-7.79196
-9.48631	-9.31893
-5.98445	-13.3015
-5.37684	-16.2106
-6.30144	-19.0384
-7.67295	-21.8151
-8.69111	-23.2557
-9.20157	-25.0777
-8.11344	-25.9812
-8.16985	-23.1221
-5.57577	-23.3235
-5.19765	-18.8725
-4.30579	-15.0669
-3.47665	-10.0798
-5.69686	-9.54043
-2.03471	-8.97035
-1.82491	-6.51934
-1.45634	-6.71361
-2.9086	-2.8767
-9.33566	3.8269
-15.0796	4.92461
-17.6204	6.43734
-14.2072	0.261658
-9.798	-5.75817
-6.9625	-7.46722
-7.14217	-9.74544
-6.39551	-10.8683
-5.76848	-11.899
-5.36765	-12.9018
-6.18498	-12.029
-5.42136	-11.5248
-5.57778	-8.44419
-6.64805	-5.91776
-11.8043	-4.86674
-20.1902	-7.04587
-23.9557	-10.517
-26.8783	-13.9918
-27.2075	-9.7803
-31.7417	-9.9647
-28.5972	-7.75438
-24.703	-3.46411
-22.7503	-4.27128
-24.2494	-7.3784
-24.3205	-11.6219
-19.788	-11.2501
-19.8146	-14.238
-20.3338	-14.5299
-12.1421	-8.46897
-14.9905	-11.616
-11.098	-15.254
-13.3648	-10.3589
-15.6175	-9.49855
-14.6742	-11.8148
-12.7456	-15.6406
-12.5568	-15.0404
-13.0418	-12.9841
-12.7275	-11.6715
-11.7193	-9.23307
-10.3364	-8.14535
-8.9983	-6.9008
-8.29465	-4.77158
-9.61982	-2.50994
-9.27402	-2.73023
-10.4546	-1.25801
-11.3347	-0.694025
-11.3033	2.01358
-9.75698	-1.93852
-9.34744	-3.26821
-10.7565	-2.53111
-8.48982	-7.54395
-6.20961	-8.43545
-3.77543	-15.1844
-4.38311	-16.4837
-5.33229	-18.1509
-4.46268	-20.993
-4.10096	-23.2069
-4.50901	-25.7907
-3.45348	-27.8134
-4.47018	-24.1214
-0.181915	-24.7358
1.25003	-19.0053
0.783695	-14.3442
0.189639	-12.5886
-0.527406	-12.9134
-1.24496	-12.5454
-0.57348	-10.1925
-1.57026	-9.97217
0.128069	-10.9049
-0.9246	-16.7571
-4.03549	-21.065
-5.80788	-23.8217
-7.84407	-24.9319
-8.40555	-26.0311
-9.97834	-23.4604
-10.9546	-19.0276
-8.56876	-18.211
-3.8818	-11.1879
-3.23144	-10.6718
-1.51797	-11.865
-4.52467	-9.22426
-4.87434	-7.98386
-4.21266	-9.86934
-6.37858	-11.5552
-8.90783	-12.9171
-9.19436	-15.3632
-10.2056	-18.4448
-10.2572	-20.5193
-10.3114	-16.5369
-6.50971	-17.7488
-7.74343	-17.4364
-5.56171	-20.8283
-5.75607	-22.517
-7.97912	-20.4545
-8.60366	-19.315
-10.0828	-19.6983
-10.6123	-19.1107
-13.7401	-20.8256
-13.0313	-17.8755
-20.5077	-13.1961
-19.0133	-15.7869
-17.6512	-16.6504
-18.7408	-17.5557
-19.6666	-17.4154
-18.8031	-16.7658
-19.7176	-20.0086
-22.4087	-17.364
-21.6306	-15.7636
-22.9075	-19.3658
-20.1537	-16.28
-20.0509	-19.5921
-20.3325	-19.0979
-21.7974	-20.5807
-19.7039	-14.8102
-21.287	-17.7305
-20.875	-14.6217
-18.859	-17.4026
-21.5138	-17.8021
-21.1695	-17.5438
-23.3992	-19.6841
-22.713	-15.5533
-22.2245	-16.7205
-21.5525	-17.4838
-21.8651	-15.4158
-21.3325	-16.7722
-16.4331	-11.5854
-27.9994	-14.0593
-26.5142	-13.6175
-21.4314	-12.047
-16.6988	-11.2815
-4.53782	-12.0439
-3.03811	-11.1219
-4.55318	-11.0371
-3.18953	-13.6828
-3.43272	-14.2928
-4.34321	-15.1988
-5.02954	-14.3231
-4.66678	-15.3292
-5.58482	-14.8823
-6.82948	-13.1378
-7.96876	-9.54798
-8.40317	-8.74537
-8.14923	-8.22681
-7.65036	-8.12156
-7.44505	-7.63256
-6.60307	-7.91879
-6.19351	-7.87529
-5.43354	-6.6798
-9.79385	-8.50145
-11.0878	-16.443
-12.7246	-16.8823
-14.6505	-13.9017
-15.0524	-10.2189
-14.35	-15.3628
-14.5151	-19.7605
-15.8599	-20.8031
-16.0147	-21.6874
-15.2266	-24.3482
-15.1208	-25.4862
-14.5764	-26.9232
-14.9322	-25.7687
-14.5252	-25.7255
-13.861	-23.7261
-11.643	-22.0073
-7.99132	-17.8414
-4.78991	-13.3624
-5.63098	-10.8818
-8.05237	-15.3578
-12.4084	-16.3058
-14.8395	-16.0817
-15.2967	-19.0625
-19.0977	-23.4727
-18.3146	-21.4103
-20.0585	-19.4781
-21.4756	-20.7645
-14.1976	-14.3995
-9.12268	-16.7393
-7.92956	-20.8201
-10.6635	-17.5615
-10.3086	-11.8101
-9.79584	-18.9546
-11.5751	-19.3072
-11.2903	-22.9219
-11.1359	-24.5744
-11.3007	-26.8668
-12.9158	-26.1024
-13.8621	-25.6501
-8.53486	-31.09
-7.07987	-25.3647
-7.29689	-28.1304
-6.5839	-24.6048
-6.90503	-20.9625
-6.80923	-18.3154
-5.47156	-17.3209
-9.11918	-13.844
-14.2255	-19.0106
-13.9796	-19.4037
-13.8463	-18.8844
-16.6971	-17.0271
-17.7456	-17.0616
-22.3513	-16.4038
-20.6172	-14.9004
-19.6276	-12.716
-22.8874	-7.78406
-22.2026	-7.4031
-16.8523	-1.97495
-14.6499	3.92425
-14.0195	3.49551
-10.4014	-0.960186
-11.0922	-2.25906
-11.5482	-4.55152
-12.2674	-6.77212
-14.0174	-6.40625
-14.481	-6.31766
-13.6652	-7.70066
-13.1682	-8.65626
-11.4975	-11.0995
-10.5808	-14.8172
-8.17478	-18.463
-7.62933	-18.9773
-6.41303	-18.9471
-7.44166	-16.7772
-5.73005	-14.9761
-3.84119	-9.16493
-5.70084	-8.97925
-11.6749	-5.96283
-18.4079	-8.55967
-23.2661	-10.9183
-26.7706	-16.0508
-27.6183	-14.7638
-27.2463	-13.5692
-28.0244	-10.5715
-27.1042	-11.8496
-25.4527	-12.8824
-23.7884	-13.2454
-18.9989	-15.982
-12.2489	-11.5969
-9.2539	-13.9843
-10.2292	-16.0572
-11.7087	-15.9671
-10.7465	-17.4348
-10.7038	-17.9306
-8.61433	-17.6171
-9.45054	-15.5629
-12.7507	-6.26611
-12.691	-4.35751
-10.1063	-7.41962
-4.18312	-11.4095
-3.26168	-9.28802
-8.7652	-9.21863
-13.2871	-13.2741
-15.0181	-15.1444
-17.381	-15.4335
-16.4828	-15.3336
-19.2668	-15.6503
-19.8465	-16.8414
-21.5389	-21.0584
-21.2769	-21.7289
-21.1193	-20.2446
-18.5216	-20.91
-11.9207	-14.9762
-8.07278	-16.4073
-8.19952	-19.4845
-8.29776	-23.4437
-8.80644	-26.6156
-9.23013	-25.6799
-8.71244	-26.8181
-8.86256	-25.8779
-8.39232	-26.3435
-8.67639	-26.0829
-7.98688	-25.8449
-7.9275	-21.2819
-8.30354	-9.58045
-10.1214	-1.38223
-13.8283	0.520981
-13.0167	-2.19249
-11.4152	-6.66669
-12.1238	-5.44551
-13.6	-1.48158
-15.2002	0.0494784
-10.4291	2.53242
-12.2561	3.26612
-9.82135	6.52534
-9.56363	5.62671
-9.06759	4.79535
-10.0494	4.5883
-8.91151	3.53503
-8.94995	-4.3238
-14.598	-9.09885
-17.5727	-12.2992
-18.3524	-15.74
-19.7014	-14.4418
-19.2675	-14.693
-21.2114	-17.2228
-20.904	-13.6388
-21.7085	-17.2467
-19.8983	-16.5041
-21.0343	-18.6357
-21.4207	-16.4547
-19.4797	-18.0022
-20.3408	-20.195
-19.0739	-18.1986
-17.8189	-17.4245
-17.0429	-13.9245
-20.7005	-12.7415
-18.0805	-16.6219
-15.7603	-13.0384
-18.537	-12.9537
-22.4267	-18.543
-20.2261	-16.0555
-20.2878	-18.8468
-20.8393	-19.2018
-20.5495	-15.9532
-20.7798	-17.6847
-22.105	-16.719
-22.2393	-18.1324
-20.8348	-18.4478
-21.0407	-16.3378
-16.4984	-11.8395
-21.7386	-15.0403
-21.0112	-18.9634
-20.688	-16.6051
-21.7926	-18.0962
-20.7386	-17.7765
-20.568	-15.1011
-20.5752	-16.0232
-17.1086	-12.9406
-11.8036	-11.3336
-9.32867	-11.5872
-12.4134	-16.9024
-19.0528	-19.6687
-13.3757	-19.2164
-13.8028	-23.6532
-16.5602	-25.5162
-17.6799	-20.7242
-17.0218	-16.7869
-13.2647	-14.6902
-11.1403	-11.6626
-8.89001	-9.48473
-10.6684	-8.11317
-12.3815	-11.2973
-15.2193	-16.0393
-16.444	-17.1274
-26.677	-23.2742
-23.6107	-19.73
-11.3407	-4.51283
-12.2183	-6.28977
-12.7769	-6.33077
-12.1121	-7.14766
-11.2986	-7.66099
-10.1778	-8.59491
-7.85325	-8.66606
-5.69357	-7.13481
-5.93442	-4.95307
-8.4163	-6.02863
-12.5924	-4.7646
-19.4449	-8.9146
-19.4451	-15.4256
-17.8036	-17.0352
-9.04179	-9.4757
-9.91428	-14.2779
-10.8546	-13.0782
-10.2937	-12.9403
-10.369	-12.5405
-9.9554	-11.2023
-8.50522	-9.86922
-8.09419	-7.72096
-7.78685	-1.69107
-10.7924	-0.0428648
-13.7387	3.4647
-16.2267	2.49466
-14.2179	-1.72592
-14.996	-16.2301
-22.4666	-6.72487
-17.9155	-2.65603
-12.2318	-0.820493
-4.89567	-3.66024
-4.92242	-5.07564
-4.2543	-5.48504
-4.50083	-4.30697
-7.84336	-0.320315
-4.18813	-4.49125
-3.59275	-5.90194
-2.90493	-7.03735
-3.13435	-7.63868
-3.47563	-6.54355
-3.27049	-5.80685
-2.8393	-7.10286
-1.68533	-7.003
-1.18088	-7.22078
-0.973524	-5.38683
-5.31738	-1.13245
-7.80622	-2.33458
-12.996	0.333008
-19.6013	-5.51769
-22.2061	-3.27882
-23.6754	-6.6317
-26.7	-4.98685
-28.3421	-4.18746
-26.0448	-9.54213
-24.9672	-10.1065
-25.1016	-6.10069
-19.833	-4.47643
-11.8739	0.433907
-12.8276	0.537225
-11.0711	0.885484
-11.8371	0.871626
-12.9217	0.622338
-13.4281	0.619763
-13.866	1.93951
-13.7646	0.550056
-12.9162	-0.381734
-12.93	-1.01096
-13.106	-3.31784
-13.2485	-5.49876
-13.279	-8.34305
-14.6689	-9.75169
-15.6875	-10.2207
-15.8818	-11.4775
-15.8852	-13.183
-15.2687	-14.0404
-14.9098	-14.9198
-13.5536	-15.1912
-11.6368	-15.0002
-9.8433	-10.9476
-7.13923	-11.3372
-7.74824	-10.9285
-8.53461	-9.94986
-7.81384	-11.2636
-7.77474	-11.2319
-7.15648	-11.8442
-7.87375	-12.3397
-7.16328	-13.7065
-7.44379	-12.7793
-6.83663	-13.4969
-6.9791	-14.3858
-11.6014	-14.7645
-11.1671	-15.4925
-9.31713	-15.9804
-8.66823	-14.7244
-6.9444	-13.7066
-5.02508	-11.6654
-4.48149	-7.71989
-5.04886	-3.67384
-8.27651	-2.15893
-12.4114	-0.251177
-14.8463	-1.55815
-17.4928	2.40912
-15.3783	0.265002
-12.7161	-0.786456
-10.6701	-5.17564
-9.77714	-7.48975
-10.6102	-7.25175
-11.9754	-6.12399
-11.3561	-7.65056
-11.3354	-8.94789
-10.1091	-10.27
-11.6972	-0.672673
-15.8628	1.81156
-11.189	-8.95199
-9.91892	-13.556
-9.37456	-15.5689
-8.73801	-15.0796
-7.86198	-16.1451
-7.21474	-15.7914
-5.91918	-17.1968
-6.49785	-16.5872
-6.33379	-16.6634
-6.14891	-17.3684
-5.72903	-17.5983
-5.72606	-16.8457
-6.36475	-15.8569
-6.17552	-17.1573
-7.35061	-17.721
-7.92339	-18.8714
-9.34364	-19.5485
-10.9451	-19.5816
-11.2175	-19.9722
-10.3779	-20.8698
-10.0225	-21.684
-9.22974	-20.3078
-6.88687	-21.1395
-5.71046	-20
-4.36191	-17.0116
-4.45552	-12.451
-9.80117	-4.48156
-16.6723	-5.75427
-19.3028	-4.84576
-21.458	-3.16803
-26.9167	-6.13172
-27.0499	-7.53145
-25.8669	-11.4168
-25.3597	-9.22695
-23.6057	-13.347
-15.4455	-8.48715
-5.85204	-7.92981
-2.183	-13.8205
-4.94815	-16.0244
-4.70835	-16.0297
-5.03129	-14.2401
-4.63073	-13.5786
-5.65079	-11.3006
-5.51763	-10.2936
-5.67122	-7.88321
-5.74546	-6.91618
-6.40708	-7.23175
-7.49526	-4.43851
-9.28729	-5.22402
-10.0604	-7.97993
-15.0748	-9.91722
-17.5057	-16.4806
-18.2832	-19.5151
-21.3191	-17.1698
-20.3916	-17.042
-14.0021	-2.17959
-11.5191	-3.07486
-11.1651	-3.44138
-8.66494	-6.33292
-5.29484	-7.9671
-4.87625	-8.52168
-4.01836	-10.0984
-3.52256	-9.21172
-3.23554	-7.55078
-2.59503	-7.99692
-2.05383	-5.99023
-2.46787	-3.75264
-11.9509	-2.31279
-19.7641	0.256136
-21.629	-3.41149
-23.4503	-9.26512
-25.6462	-10.1552
-24.0268	-9.856
-25.5134	-10.3185
-25.1501	-11.467
-23.589	-12.8607
-21.7616	-15.0971
-19.6217	-13.2535
-20.219	-15.6946
-18.6588	-14.9154
-15.4123	-9.81585
-8.54233	-13.5842
-15.8331	-7.83943
-23.8354	2.93947
-24.255	5.25292
-16.1044	1.95049
-12.2857	-9.83405
-11.5745	-11.5989
-10.9201	-11.5859
-8.92628	-8.96166
-8.79268	-6.48093
-13.3445	-1.74603
-19.3723	-1.67136
-20.7779	-6.76924
-25.7668	-11.2255
-26.2948	-9.08331
-24.685	-10.5522
-24.5791	-11.0737
-22.3424	-14.9137
-18.3301	-17.597
-15.9855	-20.6456
-17.1638	-23.2989
-17.3463	-19.8928
-11.0724	-17.0685
-10.5866	-20.778
-11.0951	-25.0373
-8.15776	-20.3269
-11.1785	-26.233
-6.37725	-24.1085
-8.59025	-26.9284
-12.4186	-18.085
-11.8585	-10.8373
-5.02118	-18.313
-6.52285	-23.5078
-8.52807	-15.0582
-4.94823	-9.41569
-7.63494	-10.8871
-7.33292	-10.4052
-5.33456	-8.24059
-5.98526	-8.40693
-3.77793	-6.99423
-4.13097	-7.3888
-4.61988	-5.40256
-4.48853	-5.60781
-4.71201	-2.60291
-6.31687	-7.46831
-9.04687	-6.68272
-10.8199	-0.564866
-14.3043	-7.28426
-21.7181	-11.9313
-21.9768	-7.6511
-28.0953	-4.39541
-29.4376	-7.66618
-27.909	-5.14126
-27.9904	-8.78685
-27.8869	-7.67024
-28.0779	-8.38612
-26.462	-6.97363
-28.5921	-3.64341
-27.1023	-5.43518
-25.7059	-9.68617
-24.6994	-14.8188
-19.6917	-13.5393
-20.7632	-19.1784
-19.6526	-18.0927
-20.2768	-18.1692
-20.9015	-16.0685
-20.4605	-16.9661
-21.344	-15.0162
-20.9663	-15.4043
-22.0872	-16.9456
-21.2331	-15.1506
-23.1423	-13.3679
-23.052	-18.4391
-20.163	-12.645
-20.8276	-16.6409
-19.3459	-18.3849
-19.8505	-17.1545
-20.4679	-15.4824
-18.2722	-16.1949
-19.8649	-15.9599
-20.4731	-16.9671
-20.0673	-13.5286
-20.1688	-15.7331
-19.5993	-14.6905
-14.9776	-10.3424
-9.10575	-3.02134
-10.6229	-5.74205
-13.9682	5.22496
-14.9709	8.99661
-15.5361	9.97675
-14.9728	10.5046
-15.466	7.90679
-16.8097	7.7969
-14.5001	4.44818
-16.7319	1.16918
-16.3021	-4.6637
-14.5881	-11.878
-13.3491	-16.1669
-11.9946	-19.6193
-9.94212	-21.2094
-6.90144	-22.2754
-5.88326	-19.1796
-7.3922	-11.6631
-6.69461	-11.7854
-7.30659	-12.2396
-7.69918	-12.3286
-8.23635	-11.8652
-8.58484	-13.5906
-3.93322	-23.8748
-6.03161	-21.5592
-6.09674	-20.8089
-6.14861	-19.4134
-5.61321	-18.4012
-5.49936	-16.9572
-4.14963	-15.5091
-3.38956	-10.7521
-2.84454	-6.19464
-5.44508	-7.59669
-6.36805	-12.3283
-9.65316	-10.6715
-12.8462	-15.1533
-25.8851	-9.83744
-26.2285	-18.5337
-21.2577	-19.5428
-18.029	-10.6105
-6.8465	-14.0447
-9.20922	-13.0113
-10.6368	-11.704
-10.7742	-11.4273
-9.97663	-10.3096
-8.75942	-8.47862
-7.13072	-6.97065
-5.74782	-7.16349
-10.4038	-10.7324
-11.875	-12.6254
-18.8718	-8.17418
-20.0468	-10.1209
-22.9399	-19.2399
-15.6062	-18.4517
-12.51	-16.1982
-9.46444	-20.323
-8.26934	-22.5132
-12.1262	-21.5794
-12.5278	-21.1841
-12.4263	-20.9533
-11.956	-19.6217
-12.0481	-18.678
-13.0394	-18.2445
-11.3854	-19.8774
-9.50757	-20.1431
-8.21789	-18.7884
-5.66041	-17.4454
-5.31123	-13.3823
-5.19425	-13.8232
-6.08552	-14.0627
-6.74948	-13.1109
-7.59994	-12.1578
-7.74745	-13
-7.24839	-13.8128
-8.28886	-12.5181
-8.14919	-13.1056
-8.8653	-12.2517
-8.85194	-11.3509
-9.04217	-11.0291
-8.65949	-10.1715
-8.01378	-12.2499
-6.58168	-13.5255
-6.4397	-15.0624
-6.74812	-15.1258
-7.48241	-14.7528
-7.89252	-14.9103
-7.80364	-14.7999
-7.39236	-14.6915
-7.18925	-14.7876
-6.78555	-14.0069
-5.52946	-12.0818
-4.32913	-9.17152
-3.35717	-8.25092
-3.89621	-8.9025
-5.27519	-7.06518
-5.41375	-9.82285
-7.9218	-9.7818
-8.85258	-7.94755
-7.71036	-6.09458
-6.49913	-10.5122
-7.64848	-13.3633
-8.23341	-16.2879
-8.25294	-18.5998
-10.3607	-16.3742
-11.2776	-14.5188
-11.0804	-13.9861
-11.4871	-15.3582
-12.9963	-16.4549
-13.12	-17.8871
-11.3036	-20.2181
-10.1935	-19.9494
-10.3657	-21.0309
-5.94168	-22.4312
-4.73834	-19.4432
-7.83524	-19.6233
-6.93599	-19.5221
-7.9986	-19.8987
-10.3751	-21.2219
-8.27607	-21.4314
-11.2845	-23.1212
-7.78708	-20.2645
-11.8642	-21.0349
-9.48939	-17.0692
-12.1737	-17.2519
-8.62543	-18.0364
-10.2062	-17.5214
-10.4466	-20.4473
-11.4981	-21.8855
-10.9897	-23.2006
-11.4325	-22.5532
-9.56742	-23.4179
-7.00778	-25.0548
-4.75225	-25.6653
-4.71992	-22.1509
-4.4901	-16.2192
-6.01661	-10.4576
-3.8559	-9.94491
-2.86643	-10.3566
-3.25157	-6.93156
-2.63632	-5.37742
-1.86341	-3.97361
-3.93884	-2.92329
-6.86391	-3.88342
-11.9784	-1.09308
-21.6284	-3.04205
-24.694	-7.26047
-28.8224	-12.7019
-27.1487	-11.711
-26.5768	-9.58921
-26.6612	-9.69769
-26.6256	-8.92898
-26.018	-8.64261
-25.8636	-7.14772
-22.1923	-9.56564
-15.0803	-3.32273
-7.5906	-1.20508
-11.3682	-6.24212
-13.7545	-4.36085
-12.4472	-7.25138
-12.1613	-9.50352
-12.0357	-13.364
-9.35243	-13.321
-9.10579	-16.919
-5.20173	-10.7991
-6.38445	-6.42726
-12.9388	-6.2609
-19.5369	-10.1538
-22.6074	-9.86512
-25.4338	-11.482
-27.6458	-11.5774
-29.3245	-15.5231
-28.2689	-13.9232
-22.0985	-13.2086
-17.2186	-17.701
-18.5634	-16.4466
-18.8319	-14.3545
-19.4801	-15.3801
-19.4011	-15.1403
-18.4709	-17.3928
-23.1728	-13.5898
-16.793	-10.9041
-9.1477	-15.7569
-2.45513	-16.6098
-3.49432	-19.4324
-6.58233	-21.1557
-8.05046	-24.8611
-7.54151	-27.0344
-7.10361	-28.4088
-7.62135	-26.2815
-6.6761	-24.2285
-6.28455	-18.6268
-7.48452	-17.6925
-6.21415	-14.3682
-6.56053	-12.5641
-11.5396	-11.2306
-17.1816	-9.56753
-20.482	-12.6185
-22.7368	-11.9164
-25.5346	-12.3387
-25.9934	-11.9751
-24.9702	-11.2944
-23.1321	-10.2907
-22.7656	-10.4965
-20.738	-8.8522
-17.3972	-5.56866
-10.3744	-1.04652
-11.5298	-1.54695
-10.8048	0.709256
-7.82841	-0.229268
-7.13631	1.4601
-9.33619	0.502867
-10.0433	-8.3913
-14.9592	-12.7265
-17.0044	-13.2005
-18.3055	-15.9983
-19.2326	-16.8738
-19.352	-16.2174
-20.5844	-16.7962
-19.7332	-16.6675
-14.0359	-27.7089
-12.1449	-25.3189
-18.318	-23.2939
-11.2345	-23.9984
-12.697	-16.1201
-10.2618	-14.0052
-4.32434	-9.54721
1.47451	-11.7017
1.26954	-12.3276
0.822793	-10.8791
0.332192	-8.14305
-0.639992	-8.44323
-1.07092	-8.4663
-2.16262	-7.07775
-1.38255	-6.4761
-2.56965	-3.92372
-4.12376	-5.21177
-9.22111	-5.59242
-14.9505	-13.188
-18.245	-16.2348
-17.7358	-13.8891
-21.4676	-18.3524
-24.8754	-14.1272
-21.0912	-13.0435
-18.6668	-9.9403
-17.3683	-10.2218
-14.2857	-7.73097
-8.72212	-7.16612
-4.84782	-14.1098
-3.10275	-14.7705
-6.5243	-17.7001
-8.73615	-21.3741
-10.4623	-21.1735
-9.47237	-21.0652
-4.06483	-22.593
-2.01251	-19.1461
-1.88184	-16.2627
-1.00135	-14.4619
-1.50967	-10.8672
-0.581766	-12.4401
-1.06311	-10.8883
-1.58373	-10.2498
-0.797496	-11.4732
-2.70195	-6.18642
-3.50527	-4.1684
-8.97918	-8.05829
-11.459	-11.5182
-10.9942	-9.64061
-9.60378	-6.5603
-8.54516	-5.53818
-9.75064	-8.8923
-12.001	-7.31571
-13.2317	-12.8005
-17.0232	-14.9183
-17.8311	-17.5848
-17.4442	-15.8108
-19.5866	-17.7066
-20.6087	-15.6916
-19.688	-17.563
-21.1342	-17.0691
-21.1879	-18.8492
-21.7039	-22.051
-20.8667	-21.291
-21.8242	-18.1164
-20.1774	-15.3048
-20.48	-17.5967
-21.1394	-13.9578
-20.1857	-16.904
-20.6925	-20.9606
-20.7137	-16.9304
-12.8743	-21.6165
-15.5692	-26.2612
-14.0236	-21.7766
-10.2114	-20.9165
-12.0405	-21.2458
-13.8466	-23.8428
-13.5145	-22.8539
-13.1958	-27.092
-11.3028	-31.2825
-10.5666	-29.5666
-11.5213	-27.6524
-10.0474	-27.3481
-8.70114	-25.2025
-8.10036	-23.9907
-6.92864	-24.4381
-7.4583	-25.1655
-7.8775	-26.6736
-9.65307	-26.5618
-11.5866	-26.7482
-14.3068	-25.6755
-15.302	-25.3433
-15.2083	-25.9889
-14.4008	-25.2942
-13.3826	-25.1006
-11.5376	-24.3487
-8.35101	-23.929
-6.40878	-19.4443
-5.07203	-8.94649
-4.84985	-9.66898
-3.13951	-7.70603
-2.71604	-7.46476
-2.96289	-11.3095
-18.1466	-6.66679
-21.8362	-14.1466
-22.1265	-8.3344
-22.7283	-5.83492
-22.3408	-4.42932
-24.9696	-9.73834
-23.5703	-9.18187
-13.639	-3.8849
-8.66879	-4.35576
-8.85179	-8.70362
-9.08494	-7.1012
-9.37897	-7.14088
-10.3574	-4.00607
-9.81596	-4.28813
-9.59409	-3.95055
-9.19294	-2.19378
-10.5791	-0.704708
-10.8157	0.387369
-9.53988	-1.95437
-9.93006	-2.17928
-9.65849	-1.58601
-8.18602	-2.04496
-7.86521	-4.20141
-8.75993	-1.08817
-10.3811	-3.65764
-10.1006	-6.98331
-9.15106	-8.31853
-7.65758	-13.7703
-8.42252	-14.5176
-9.64449	-16.3418
-11.101	-16.3346
-12.2819	-14.4322
-13.0749	-13.1746
-13.2211	-12.4439
-13.8244	-10.2023
-14.0938	-7.42649
-13.6355	-6.71109
-13.1026	-6.42865
-14.1984	-3.82638
-15.5656	-1.94585
-16.4146	-0.684378
-16.6322	-1.30988
-17.2226	-2.77019
-17.5347	-4.147
-16.9606	-6.86582
-14.5466	-12.5847
-14.6492	-13.794
-10.5777	-18.3713
-9.1305	-20.3468
-8.77692	-21.5178
-5.88584	-21.5505
-3.9733	-21.8747
-4.8847	-20.7216
-3.43079	-18.6476
-2.07749	-17.7419
-1.14667	-19.5995
-0.711293	-14.6186
-0.607358	-11.452
-0.632697	-9.24916
-0.999162	-8.63876
-2.75895	-11.8583
-4.96072	-8.8964
-7.0618	-10.8519
-7.81986	-11.0152
-12.9019	-7.05716
-16.7	-8.26065
-24.1154	-12.2531
-28.8384	-12.2389
-29.3391	-9.44867
-26.1823	-11.2604
-26.8779	-7.97702
-25.6752	-13.4978
-24.3615	-12.9247
-21.2458	-16.1101
-14.5398	-15.8106
-9.71019	-20.9123
-9.64493	-21.7464
-10.0115	-25.2677
-10.4382	-24.8822
-9.51698	-24.3795
-8.3076	-23.0356
-6.82447	-20.8523
-6.54282	-18.4048
-4.00613	-14.4799
-3.23152	-11.329
-1.75133	-9.24924
-0.944641	-8.26522
-2.55392	-6.68968
-6.38362	-3.64842
-8.2622	-8.77527
-11.4729	-11.1844
-13.517	-13.6264
-16.5203	-15.9138
-14.2128	-17.1478
-10.065	-17.9761
-13.3195	-20.096
-16.2024	-24.3693
-12.918	-24.368
-12.8221	-19.6571
-3.47124	-10.5439
-2.6725	-11.6841
-5.2594	-10.1962
-5.35585	-14.5945
-6.16172	-15.5577
-7.49519	-14.4474
-8.84712	-13.7115
-7.84367	-15.2503
-9.06671	-13.634
-10.2484	-11.5861
-11.6252	-10.6567
-11.0495	-15.028
-9.45339	-19.1318
-10.8986	-19.1176
-11.1504	-18.9184
-12.7264	-18.1347
-13.9505	-17.6066
-9.79318	-12.97
-7.88726	-11.67
-10.017	-14.7824
-9.61796	-9.2596
-10.3683	-8.8153
-8.42291	-10.3425
-9.57798	-8.10405
-11.9494	-9.14703
-10.5738	-9.24765
-13.0776	-7.30642
-13.9353	-10.9599
-13.6812	-11.6659
-15.5253	-16.4053
-17.153	-18.3663
-18.0425	-16.3758
-17.3144	-19.4715
-18.4273	-16.791
-20.3385	-17.2691
-18.5679	-14.3949
-20.7935	-16.2472
-18.8902	-18.4751
-19.4278	-12.8798
-20.5398	-16.5792
-20.5934	-15.0528
-21.3724	-15.5591
-20.1618	-18.3205
-20.4886	-15.406
-22.4587	-18.7606
-21.9138	-16.6908
-18.756	-15.0007
-18.3711	-16.8299
-19.7594	-17.9867
-18.7938	-13.2193
-14.365	-11.2262
-5.0669	-7.00783
-7.23344	-9.22651
-5.19678	-7.44018
-7.81665	-9.02551
-7.04416	-11.7679
-8.53554	-9.51073
-6.60686	-18.424
-6.51365	-22.3965
-7.82856	-21.8105
-7.26893	-22.0235
-8.02045	-20.4872
-6.36698	-20.0156
-6.61309	-17.1668
-6.89152	-13.7783
-8.31928	-10.9646
-8.15422	-10.7173
-9.42134	-8.58421
-9.78084	-7.19827
-11.1172	-5.01944
-10.427	-3.47863
-10.1079	-2.5482
-9.13983	-3.59081
-8.28995	-6.10095
-6.34466	-6.51869
-8.51567	-5.44761
-10.9036	-6.45888
-15.9726	-4.76767
-19.6292	-7.65848
-21.8849	-10.3738
-22.0175	-15.3597
-20.4035	-17.3453
-14.4964	-15.488
-7.88491	-14.6187
-5.12206	-12.8725
-3.21213	-13.8838
-3.01444	-12.5172
-3.32975	-11.5269
-4.99941	-9.76283
-7.08823	-7.47293
-9.28281	-3.81287
-13.9699	-3.49632
-20.8427	-5.15256
-23.5139	-6.5906
-26.6112	-12.7439
-30.4606	-10.9223
-30.4185	-10.9461
-30.5057	-5.18665
-29.3222	-7.00873
-30.7875	-8.3676
-28.7979	-9.41983
-30.0138	-9.10009
-30.0145	-5.4167
-28.4035	-6.11741
-20.3964	-5.03302
-10.3647	-7.87514
-11.9519	-8.67981
-12.3346	-11.261
-11.901	-12.2106
-11.9328	-13.3205
-11.5521	-15.2146
-10.9454	-16.9176
-10.7105	-18.8022
-10.7687	-19.7475
-9.65337	-21.1685
-8.80642	-21.2897
-8.13441	-21.1979
-6.79807	-21.5773
-5.87565	-21.5565
-6.45342	-20.5042
-6.11831	-22.0425
-5.81115	-22.0716
-5.73706	-22.2246
-5.45155	-23.5262
-5.48104	-23.6985
-5.95925	-23.5547
-6.61773	-23.603
-6.8585	-24.2937
-6.60099	-24.477
-6.36696	-24.2177
-5.29877	-22.6347
-5.81123	-16.8715
-9.29849	-11.9351
-6.76691	-12.8103
-2.75237	-12.0485
-2.52047	-10.4518
-6.72059	-4.06045
-11.5643	-7.38278
-15.9897	-2.64092
-21.4191	-5.57593
-25.3094	-7.05275
-27.4295	-5.30763
-28.3906	-8.6962
-29.5619	-7.85856
-28.9041	-12.233
-26.9816	-16.6419
-29.1659	-17.1566
-26.315	-13.0745
-21.5775	-14.1801
-18.1919	-13.7205
-7.96494	-8.72678
-6.16484	-11.2047
-4.56074	-14.0459
-2.6541	-16.0876
-3.51183	-15.9654
-3.62701	-15.6529
-6.41779	-8.92292
-6.24617	-9.82214
-6.38374	-9.02229
-6.15364	-7.93218
-6.07344	-7.46261
-6.98002	-7.15428
-6.42498	-6.62956
-6.31187	-5.35754
-5.36958	-6.55653
-4.59527	-6.4809
-5.47059	-4.12806
-5.91694	-1.95192
-4.9441	-3.48204
-5.5251	-5.52895
-11.6276	-7.9724
-14.3864	-11.9119
-15.192	-13.6773
-16.0864	-14.072
-17.6455	-12.9918
-15.8143	-14.5347
-13.4854	-14.8685
-12.624	-14.5295
-11.4325	-14.5764
-10.9482	-10.3995
-6.8643	-5.92216
-7.21116	-2.88258
-9.26154	-6.25895
-9.58916	-6.16801
-10.3449	-9.82688
-22.2949	-7.64564
-23.385	-13.4577
-25.9848	-6.90176
-26.8808	-7.19459
-27.2518	-4.99072
-26.3326	-7.29799
-21.3657	-6.33738
-19.7865	-7.54038
-8.85554	-9.80957
-7.75376	-15.3033
-7.02366	-17.0259
-8.53105	-17.8727
-8.8881	-20.5732
-8.96083	-22.1226
-10.6101	-20.3462
-10.3763	-18.1915
-7.01106	-14.0063
-4.97108	-7.74662
-7.96787	-7.39641
-10.9417	-12.9327
-21.1475	-16.505
-23.9573	-19.9141
-18.2203	-19.6219
-11.7263	-12.0646
-10.8722	-13.2092
-11.0094	-15.2604
-7.62618	-19.5831
-7.16759	-18.7677
-6.31089	-16.4449
-5.13605	-14.8086
-4.30597	-7.766
-4.94716	-9.26936
-4.73305	-10.8136
-5.2102	-9.86924
-4.58271	-11.0492
-5.20732	-10.8936
-5.94943	-8.55167
-6.87884	-5.08013
-8.88961	-1.28636
-10.5538	0.375603
-12.1564	2.52474
-12.5719	2.78211
-11.4708	0.269694
-10.6156	-3.88522
-9.33491	-8.03261
-7.94345	-11.1049
-7.11583	-12.4738
-6.71391	-14.1781
-7.48189	-14.1842
-7.66837	-15.4865
-9.061	-13.7897
-9.34354	-9.85112
-9.83579	-9.33332
-9.82499	-10.2121
-9.41778	-11.3014
-10.061	-10.9419
-8.89078	-17.0865
-8.22283	-22.4135
-8.60731	-24.1949
-9.99799	-25.0785
-10.7739	-24.9213
-10.3135	-25.3682
-9.15441	-25.1217
-7.69342	-24.7817
-6.21994	-22.7742
-6.45736	-16.8909
-5.63243	-14.7138
-3.96295	-13.4737
-2.8389	-11.5399
-0.98223	-7.83168
-2.15649	-4.60338
-4.32987	-3.79793
-6.49485	-8.13253
-10.6653	-11.4024
-14.1776	-14.6508
-15.4083	-15.6821
-17.6651	-11.3353
-19.574	-12.9072
-21.2664	-11.5364
-21.4942	-7.93608
-24.6434	-14.1751
-16.8752	-6.52036
-11.8503	-8.94964
-11.7672	-7.54847
-11.5209	-5.47146
-10.8344	-4.57762
-10.1186	-5.19035
-9.19489	-5.73035
-7.86273	-7.47483
-9.65197	-4.42803
-12.2497	-7.28229
-14.6929	-5.48697
-16.9602	-9.30495
-21.4313	-4.25407
-23.5886	-6.85415
-24.3604	-9.43374
-26.6816	-10.8726
-25.8311	-13.0029
-20.5072	-11.7581
-16.9374	-7.46847
-8.71486	-10.9777
-5.47923	-21.8874
-5.66755	-21.5995
-5.74455	-23.3962
-7.17441	-24.2383
-7.00878	-25.9592
-7.2577	-25.1188
-5.94012	-23.873
-5.27425	-18.7779
-4.68196	-14.7069
-5.70459	-11.966
-13.5036	-4.6902
-20.7399	-8.2522
-26.3298	-7.8052
-29.7728	-8.27724
-32.4823	-11.3195
-31.624	-8.95564
-33.8797	-9.46303
-31.064	-7.85477
-29.3493	-10.079
-25.7684	-7.87358
-23.8689	-15.9533
-18.1686	-14.1616
-10.2345	-13.8009
-8.30765	-17.6556
-7.02855	-21.9613
-6.00083	-25.7455
-6.7549	-25.6621
-6.59932	-24.2357
-6.98306	-19.439
-6.02242	-16.4188
-5.68608	-13.0128
-3.92826	-10.0813
-3.96922	-6.11858
-5.98653	-9.00248
-11.9492	-13.4846
-14.0901	-16.5739
-14.3048	-14.4894
-14.9944	-14.839
-15.9286	-16.4628
-10.4076	-11.6111
-3.58731	-9.53134
0.585563	-9.51718
0.0984768	-10.4043
-0.713358	-12.1209
-1.28272	-11.8913
-2.89612	-11.432
-2.3368	-11.1331
-1.98667	-10.3098
-2.67914	-9.55571
-2.08899	-10.482
-2.28612	-9.41916
-2.01133	-8.68918
-2.3581	-6.54347
-1.49607	-7.6635
-2.76777	-6.85162
-5.07856	-10.0794
-8.27285	-9.03355
-9.01534	-9.75874
-9.26842	-11.0407
-10.7989	-8.62342
-14.1179	-6.62522
-13.8058	-11.0834
-11.7843	-14.0168
-11.8685	-15.064
-12.6741	-15.3351
-13.1404	-15.0506
-13.4378	-15.4498
-13.6346	-15.7711
-12.6122	-14.6478
-5.67806	-9.53549
-6.29353	-8.54389
-6.7106	-10.9725
-8.00212	-8.36722
-8.25437	-10.2333
-7.15975	-12.4225
-6.10028	-11.8909
-6.70543	-11.9027
-7.43211	-6.5847
-5.9737	-6.81085
-6.94701	-6.90423
-13.3449	-7.04073
-19.9666	-7.82198
-23.2859	-7.89048
-25.0641	-8.27342
-26.0472	-9.35441
-27.9724	-11.7786
-26.9253	-8.00426
-25.5394	-6.41436
-25.8852	-9.74735
-28.0268	-7.91008
-27.8967	-8.60518
-29.1208	-8.84553
-15.8132	-14.5979
-20.9696	-15.8083
-20.1858	-16.5503
-21.3692	-17.2869
-19.5857	-15.3375
-20.7531	-15.9902
-19.1765	-15.8973
-18.832	-17.7586
-17.4743	-16.426
-17.8152	-18.6632
-15.1601	-17.9425
-12.0925	-20.159
-2.64632	-14.9843
-1.20555	-17.7041
-1.66269	-19.0428
-2.14832	-17.7045
-1.05412	-19.3172
-3.70036	-14.7585
-4.53338	-9.91604
-4.50148	-11.058
-4.90235	-11.324
-5.57778	-11.0684
-6.01008	-12.3149
-6.12019	-20.5351
-2.89008	-27.192
-4.40983	-28.7079
-7.5227	-26.4965
-8.12367	-27.539
-6.74443	-29.1213
-6.52617	-28.3789
-6.2849	-26.4616
-3.91642	-25.6091
-2.38515	-24.7451
-2.14701	-23.733
-3.75411	-20.3473
-3.024	-18.8978
-2.18802	-16.62
-2.21355	-14.1507
-6.61851	-7.93838
-15.3973	-6.18345
-20.4044	-7.44813
-18.2455	-7.27874
-18.9868	-7.47114
-18.1411	-4.06209
-18.5558	-10.0232
-7.72764	-14.9072
-5.45083	-19.4646
-4.42453	-18.2863
-4.67609	-16.8986
-5.53815	-16.6718
-6.03911	-21.3366
-6.159	-22.0942
-6.84512	-22.7997
-8.57374	-22.865
-10.9814	-21.7957
-12.2552	-20.9239
-14.2539	-19.0961
-15.5934	-16.2991
-16.2911	-12.1986
-14.4137	-8.91788
-9.75211	-7.47031
-3.12233	-11.7981
-4.18227	-10.2521
-4.63043	-9.86819
-2.97794	-9.95814
-3.39293	-5.33715
-3.22998	-5.49576
-2.13099	-4.02129
-4.56976	-2.93878
-16.373	-3.97237
-19.0927	-5.07986
-23.1362	-7.19547
-27.2124	-10.1046
-28.9412	-8.74815
-28.6315	-5.46527
-30.5465	-6.80605
-26.9323	-2.77492
-24.612	-4.59412
-24.4079	-3.97115
-24.905	-10.102
-20.4537	-12.6485
-20.2036	-12.9357
-22.8984	-16.9331
-20.607	-8.65292
-11.6717	-5.27498
-12.5087	-2.77009
-13.6775	-3.92432
-13.7381	-5.24283
-12.4222	-8.17379
-13.4238	-7.52035
-20.1461	2.80498
-15.0277	-10.1526
-13.8252	-16.4945
-15.7234	-18.2173
-16.5366	-21.9313
-17.2087	-21.6222
-16.4898	-23.525
-15.9714	-24.2857
-15.3874	-23.5555
-13.4736	-22.748
-10.3029	-24.2732
-8.59939	-23.5008
-8.38227	-19.2437
-7.67778	-16.0434
-6.94014	-12.5672
-6.58206	-11.4627
-7.10195	-9.18279
-11.0243	-11.1745
-13.2589	-16.7645
-12.3946	-15.595
-16.8358	-19.7743
-18.2479	-20.2971
-17.9352	-18.1405
-9.92004	-19.555
-8.64377	-23.484
-10.0726	-23.7514
-10.3775	-24.8909
-7.98336	-24.6711
-6.94193	-19.0924
-3.82338	-15.3856
-3.49472	-13.7439
-3.39518	-11.8942
-8.95305	-10.2709
-11.3738	-15.1566
-12.8899	-17.7619
-17.1	-19.2988
-17.3278	-18.1103
-22.194	-19.6348
-17.4621	-20.4185
-14.0473	-17.4612
-7.38502	-24.8661
-9.70946	-24.596
-10.5151	-23.9945
-8.68615	-22.9295
-7.19807	-20.1056
-6.56822	-16.2613
-8.34223	-16.0527
-8.86168	-15.6652
-8.74648	-17.1776
-8.81148	-19.9761
-7.87894	-21.9671
-10.6353	-24.4144
-11.9061	-26.2602
-13.8082	-26.2928
-14.6623	-26.4752
-15.1477	-25.7596
-14.5269	-25.5797
-12.3302	-25.4384
-11.102	-22.4126
-6.83359	-14.4616
-6.1208	-13.3043
-7.71589	-16.5225
-10.0556	-18.3714
-15.4715	-22.859
-21.1102	-20.4276
-23.0704	-18.751
-18.9572	-11.8993
-13.6513	-3.95868
-13.3539	-2.0719
-17.2207	0.787495
-17.6894	2.76588
-16.6677	2.58523
-12.837	2.18821
-8.46565	0.824982
-5.85192	-2.95973
-5.57076	-1.7941
-3.8408	-4.16224
-5.441	-5.98978
-6.73234	-2.36333
-6.15631	-3.43291
-6.72399	-2.34084
-6.15721	-2.49561
-7.33738	-2.70261
-13.8222	-5.98706
-18.0685	-13.2902
-11.517	-15.0457
-10.3782	-17.9489
-7.88398	-22.8988
-8.20935	-22.2931
-7.60215	-22.8989
-6.44763	-23.8622
-3.67552	-21.8094
-3.32078	-17.6814
-4.07496	-13.0022
-7.22073	-9.089
-13.7365	-15.5746
-13.0609	-17.4616
-13.6576	-15.3
-15.682	-17.2098
-19.7394	-15.7828
-23.497	-18.0374
-23.0983	-18.6866
-18.331	-19.3497
-15.9421	-19.144
-12.3679	-18.5793
-6.05382	-12.7073
-0.499097	-14.7337
-0.565502	-14.8552
-3.79531	-10.6099
-4.67162	-8.86939
-5.70117	-7.81165
-4.98068	-9.47343
-5.41358	-9.76027
-5.83347	-10.3397
-7.87137	-9.23892
-7.29739	-9.34371
-6.29249	-10.29
-6.20233	-9.89846
-5.68963	-9.94695
-5.64833	-8.90767
-6.24188	-8.85139
-8.28127	-10.5426
-8.91404	-18.4679
-10.4529	-19.9511
-10.1578	-22.0086
-9.02128	-24.3289
-7.74589	-25.8266
-8.45051	-25.1846
-10.4143	-21.9799
-11.0591	-19.9251
-11.4377	-17.4144
-10.9543	-12.0619
-11.9382	-13.7597
-11.525	-16.7038
-11.7424	-17.481
-11.7459	-17.4902
-11.4809	-16.751
-10.1335	-17.6985
-8.44322	-18.4501
-6.40883	-17.6042
-5.82751	-14.3043
-5.26428	-9.51819
-7.86743	-4.51738
-15.8188	-3.1352
-23.9661	-3.20748
-25.1395	-6.01426
-27.996	-6.06228
-28.0478	-9.3064
-27.389	-13.5559
-27.1605	-11.4339
-24.2603	-11.0693
-18.9592	-15.5464
-5.36661	-16.4216
-5.56159	-17.8305
-7.09651	-18.9962
-7.23359	-21.309
-7.52684	-24.0426
-7.42455	-23.5677
-5.68347	-21.3289
-7.613	-10.2537
-10.1089	-5.37717
-22.3566	-10.4272
-20.6365	-10.4335
-11.4034	-9.09414
-7.83352	-6.76007
-8.21796	-18.2539
-8.03597	-23.1275
-10.3248	-23.697
-11.6646	-24.4324
-12.3472	-24.7813
-12.3069	-26.3129
-11.7824	-28.4486
-11.6278	-28.0246
-11.6569	-26.9908
-11.4201	-26.0632
-11.0169	-25.8121
-10.4305	-25.383
-10.1811	-24.0253
-6.85182	-20.1019
-8.09121	-19.285
-4.29479	-11.8439
-8.41339	-16.2497
-5.40352	-9.05722
-7.51935	-13.0427
-3.91902	-11.2079
-5.79699	-11.1324
-5.29158	-8.3603
-5.47568	-6.19179
-5.54985	-8.83508
-5.25859	-7.22797
-7.73252	-4.46214
-10.9547	-9.00303
-14.8367	-11.5015
-16.3391	-10.9966
-20.933	-12.7183
-29.6649	-24.4347
-21.5016	-21.1496
-18.7674	-16.6088
-19.5134	-17.3884
-20.1497	-16.6693
-19.1068	-16.7263
-20.1635	-18.6002
-21.8928	-16.1433
-20.7631	-15.6022
-21.1409	-17.3326
-20.0774	-17.5581
-21.0252	-17.8703
-19.0439	-19.2476
-20.5421	-14.1843
-20.3011	-15.3186
-20.2997	-12.273
-20.7565	-14.1568
-21.2965	-15.6028
-20.9742	-16.69
-21.425	-15.1345
-15.2255	-10.3145
-1.75827	-7.92372
-2.61597	-11.6922
-2.6899	-12.4912
-3.93086	-10.8114
-5.18929	-10.5775
-7.0273	-11.1149
-8.35617	-7.12856
-7.61827	-7.50993
-7.64579	-7.79906
-7.28048	-7.20706
-7.90878	-7.785
-7.6681	-7.45017
-7.16996	-8.18049
-6.84862	-7.70896
-6.72733	-6.76767
-6.63422	-8.3799
-7.33957	-12.6545
-2.56766	-14.3592
-1.36274	-15.695
-2.24333	-15.1007
-2.84168	-14.0817
-5.70886	-7.44565
-14.3036	0.0975418
-20.1328	-0.237189
-26.5183	-6.52961
-28.4257	-7.03244
-28.594	-8.70967
-27.9726	-13.5342
-28.7517	-14.1508
-27.893	-14.4355
-24.6392	-13.4587
-20.805	-15.2112
-14.6098	-16.5781
-9.12407	-25.1447
-11.8412	-25.7918
-14.0676	-25.7897
-17.1864	-23.7371
-19.8511	-20.391
-20.7004	-16.5807
-20.9047	-10.741
-20.6365	-4.29792
-20.2549	-0.521647
-17.5378	2.68874
-7.68872	-8.85575
-6.20092	-10.633
-7.66371	-7.96802
-5.64592	-8.88192
-5.77699	-4.1819
-7.00669	-4.18119
-8.20665	-4.02089
-8.03675	-1.29081
-6.64725	-4.63281
-16.1524	-11.1121
-16.2904	-12.8349
-11.5245	-19.5124
-11.6576	-23.7042
-10.8434	-26.0335
-9.59086	-26.1212
-8.8755	-23.632
-10.55	-23.2441
-12.3179	-22.4705
-13.4324	-22.309
-14.0865	-23.7508
-14.22	-22.943
-12.4822	-23.066
-11.3654	-22.1659
-10.2164	-19.0367
-8.51112	-15.7379
-6.17532	-16.0044
-8.2043	-13.5662
-10.7382	-14.8555
-10.5213	-21.9708
-10.1601	-24.9142
-12.6091	-22.0065
-11.2882	-17.3235
-11.5271	-17.7645
-9.2697	-15.248
-4.86266	-10.4144
-7.5057	-15.2221
-4.63411	-18.1469
-5.15554	-17.0237
-6.45399	-17.5388
-5.02926	-17.2585
-5.85826	-16.5523
-6.06647	-15.5366
-6.0116	-15.4043
-6.42777	-16.2501
-5.7743	-16.5802
-6.46522	-10.6554
-6.80413	-8.83384
-7.9925	-7.9671
-7.75279	-9.55327
-8.62776	-10.6576
-8.69128	-12.4371
-10.5918	-11.3937
-11.0044	-15.3611
-7.91353	-24.205
-7.65503	-23.3419
-7.66944	-23.7766
-8.02181	-23.5034
-8.89118	-21.6019
-4.53127	-20.3024
-4.54322	-10.4727
-13.6064	-4.91486
-19.9418	-8.19732
-24.7087	-12.2286
-26.9798	-10.3704
-28.9959	-8.17378
-30.9909	-7.28385
-32.3087	-7.02348
-29.2109	-2.76127
-28.5041	-7.08425
-24.0537	-10.4655
-16.7931	-5.11829
-11.6838	-10.1904
-8.69954	-15.0715
-8.76374	-18.3459
-8.85557	-18.8122
-8.39034	-20.1096
-8.6497	-20.1771
-9.57532	-20.477
-10.5503	-21.1286
-11.3267	-21.6239
-10.6503	-23.7243
-10.8812	-25.3817
-10.1693	-26.5299
-9.92573	-25.9146
-9.03734	-25.9757
-7.62001	-25.0681
-7.28673	-23.1837
-6.77583	-21.3927
-13.4208	-11.6474
-20.2205	-10.3035
-15.0194	-15.3274
-6.95414	-17.2684
-6.82374	-13.4089
-6.90977	-14.6447
-4.14327	-18.0486
-3.66437	-16.3295
-3.38267	-17.2563
-6.02702	-14.6903
-5.48898	-14.1118
-7.21261	-13.9965
-7.80383	-10.2
-7.20655	-6.27317
-11.3362	-2.99603
-13.6376	1.38055
-16.4581	4.3261
-18.9884	5.30655
-19.9818	6.37755
-18.5915	6.60501
-18.3799	6.97058
-17.0394	7.90194
-15.8433	7.68811
-13.9988	4.72918
-12.8653	5.34126
-10.8529	2.09431
-12.3877	-0.038215
-12.7268	-2.05843
-12.69	-4.72458
-12.4659	-7.39231
-11.7688	-11.6559
-13.0472	-13.2313
-15.5612	-13.3006
-13.4827	-11.8612
-15.2235	-12.7148
-9.89911	-9.82062
-14.1808	-11.4828
-10.6367	-10.2385
-9.85631	-8.69105
-10.7974	-10.3078
-12.1731	-8.02526
-14.8673	-11.7903
-18.089	-12.8703
-19.7666	-14.0635
-19.3513	-17.4741
-16.6367	-17.1903
-17.8321	-16.3055
-18.6079	-16.9199
-20.6704	-16.3798
-19.675	-15.2395
-19.3888	-14.0754
-19.5346	-15.5368
-19.7549	-14.947
-18.3646	-16.4067
-20.4904	-16.2715
-20.375	-18.1348
-21.2697	-15.938
-21.6493	-16.2985
-21.0626	-15.4422
-22.8868	-17.6754
-21.1868	-16.0563
-20.904	-17.9653
-20.9203	-17.126
-20.5931	-17.7058
-19.3516	-15.2606
-11.7952	-11.485
-13.5444	-12.9967
-15.2656	-9.65772
-13.1139	-5.52698
-8.22601	-7.31403
-10.7463	-12.5908
-13.005	-8.2136
-8.72077	-5.84549
-7.2862	-3.49888
-9.31888	-1.22434
-15.756	0.574676
-21.0099	-0.912431
-25.2789	-5.07035
-25.4618	-7.77487
-27.9265	-7.80416
-26.9551	-10.1984
-25.6216	-8.92296
-20.4958	-5.67704
-9.27005	-8.41685
-10.0939	-9.34887
-9.58878	-11.2521
-9.57195	-11.2785
-9.60322	-10.7983
-9.47042	-11.3395
-8.32942	-9.99843
-8.1654	-8.45974
-5.61865	-7.38663
-2.44798	-9.09201
-2.14862	-8.6757
-2.09677	-9.83751
-1.11917	-8.95399
-1.3534	-9.10533
-1.01392	-6.85485
-0.981722	-6.0291
-0.575208	-6.34253
-1.58192	-3.88772
-13.527	-3.08887
-13.8082	-2.87755
-16.2213	-0.885467
-15.453	-6.14338
-14.0485	-9.58512
-12.8455	-12.743
-12.5081	-15.2009
-11.3652	-17.2945
-11.2909	-19.172
-10.897	-19.246
-10.6914	-19.8147
-9.47888	-20.0376
-8.7212	-19.1278
-6.45335	-19.091
-5.20776	-16.9129
-3.75372	-13.884
-5.53303	-9.80887
-7.75499	-12.0442
-12.3924	-14.7753
-13.1911	-12.7789
-9.17906	-9.36521
-6.74256	-13.3052
-8.28015	-12.8697
-8.91934	-13.6771
-8.74078	-13.2807
-8.0337	-12.9106
-7.03066	-12.8178
-5.42861	-13.1583
-4.40743	-12.3482
-4.63528	-12.3201
-4.03049	-10.822
-3.41994	-9.00015
-3.74519	-6.88576
-2.04108	-7.2684
-2.43071	-5.84772
-3.7519	-5.11707
-7.2587	-4.25998
-12.2008	-8.09745
-16.5371	-11.9149
-27.4424	-16.4021
-23.6487	-11.968
-19.7173	-4.67819
-10.7432	-10.6086
-11.69	-9.85723
-10.33	-11.0431
-8.78909	-15.338
-6.68376	-16.736
-5.59661	-14.3619
-4.24578	-8.55088
-4.42761	-10.6812
-4.39073	-12.0789
-5.271	-12.0449
-5.45894	-12.6964
-5.91346	-12.8757
-6.59883	-13.0412
-6.56577	-16.4545
-7.06479	-22.1892
-7.46178	-22.1553
-9.17039	-21.2921
-9.52513	-19.8342
-10.1279	-17.4546
-11.1555	-14.0537
-12.1803	-10.23
-12.5972	-7.66885
-13.4554	-4.66076
-13.8768	-0.307085
-15.3236	0.526039
-17.6754	3.93488
-18.1868	4.81528
-18.3081	4.36542
-18.8006	4.96958
-18.7108	4.58576
-18.7601	2.93226
-17.7911	1.53723
-17.4586	-0.275604
-14.8112	-5.45913
-13.4936	-10.8086
-14.2606	-14.1849
-15.0522	-16.537
-14.1073	-19.2087
-12.6672	-20.9365
-8.455	-23.559
-4.94204	-20.8374
-5.2409	-12.9673
-4.76795	-11.087
-4.09353	-9.30978
-3.7074	-8.37223
-4.03261	-5.25543
-4.54001	-4.81592
-4.10681	-3.24942
-5.35943	-1.76956
-7.64696	-4.57006
-9.93114	-7.60269
-12.3055	-9.81895
-14.1108	-13.8223
-17.7617	-15.4047
-17.9361	-16.8056
-18.8491	-18.0252
-16.5751	-12.4635
-13.0054	-9.2632
-8.16662	-24.9834
-9.61565	-26.2148
-12.7696	-26.7507
-11.6588	-28.6154
-13.7619	-26.2183
-12.9584	-25.9191
-10.7165	-25.8219
-6.31328	-23.6826
-7.93009	-13.496
-11.1189	-22.0531
-13.8152	-23.7709
-13.3442	-18.7699
-15.2023	-17.1622
-16.8807	-17.8376
-25.4161	-11.1156
-26.3065	-7.06931
-25.8571	-6.41958
-24.1486	-8.23566
-27.7953	-9.30121
-24.6333	-5.80479
-23.4694	-5.72764
-24.4664	-13.3313
-21.3842	-11.9013
-18.8653	-10.0072
-20.5406	-13.4527
-22.9129	-17.0116
-20.9024	-14.4099
-18.7963	-15.1706
-9.51543	-10.326
-5.39185	-10.7536
-7.03756	-10.0227
-6.63484	-10.136
-8.25333	-8.61443
-8.95941	-5.35123
-8.94403	-0.63153
-13.5918	2.5634
-22.2644	-1.66638
-25.0827	-4.76066
-27.6985	-7.2532
-30.4402	-3.7018
-30.861	-5.87808
-29.7849	-4.97479
-29.461	-10.1399
-30.5482	-10.7542
-26.3829	-8.40872
-17.7229	0.0741002
-13.2542	-0.992219
-12.5071	-0.503399
-12.6863	-1.24976
-13.5694	-0.728824
-13.9061	-1.16266
-10.8611	-5.73957
-9.86187	-7.29664
-9.07406	-8.98396
-6.74589	-11.7396
-4.21989	-6.01815
-4.74055	-5.99321
-3.12818	-6.16573
-3.69749	-5.48799
-4.33446	-5.58828
-4.58292	-3.1378
-4.64162	-2.95331
-5.61316	-2.0806
-10.7555	-8.12469
-10.1004	-9.17039
-7.87447	-15.8107
-7.13373	-15.055
-6.74711	-15.4475
-7.48626	-14.2762
-7.7665	-11.1856
-7.09699	-8.60355
-7.38576	-6.78892
-9.614	-12.184
-8.11731	-18.0239
-9.25881	-23.3688
-8.45496	-15.0965
-8.70335	-19.3
-6.32388	-17.7761
-6.30439	-16.8652
-7.0937	-15.4662
-6.35395	-16.4553
-7.67038	-13.2585
-7.83437	-14.0223
-8.89855	-10.9458
-7.25362	-10.0699
-10.5904	-8.21059
-18.0398	-6.41135
-23.4559	-12.4352
-25.2419	-9.14096
-27.9187	-10.8676
-29.9143	-6.32947
-30.4654	-3.57132
-30.1519	-6.07608
-28.3548	-8.94044
-28.1415	-5.43313
-28.4292	-5.21545
-29.7243	-7.24986
-28.0722	-10.0336
-25.7706	-8.75486
-25.8857	-8.80591
-25.8752	-8.74291
-22.2158	-13.7566
-21.6704	-9.76624
-20.2709	-11.536
-20.4918	-15.6425
-19.5568	-15.641
-19.8043	-13.8524
-19.1345	-13.1911
-19.7107	-15.0033
-20.7162	-15.9051
-17.4246	-14.5415
-18.0553	-11.3688
-18.19	-14.6699
-21.0454	-16.6665
-20.5867	-14.3904
-20.5752	-15.14
-21.514	-16.0335
-22.5344	-19.0414
-21.7262	-19.0839
-22.4077	-20.2882
-21.9798	-17.127
-20.9615	-19.4173
-21.7154	-18.0954
-22.891	-17.4753
-23.0166	-19.3639
-22.1411	-18.3
-22.9013	-19.0939
-21.6748	-20.4344
-22.8623	-16.4588
-22.3042	-17.1692
-19.7895	-17.2549
-21.5045	-19.5684
-20.8485	-19.339
-15.5589	-19.3094
-19.607	-15.9922
-18.5319	-11.0217
-18.0916	-10.2706
-17.3341	-13.6369
-16.4589	-14.4374
-15.9689	-10.2666
-14.3584	7.77921
-15.3166	8.99316
-14.0999	7.88364
-15.2979	9.61015
-14.133	7.29214
-13.7633	7.44693
-13.3907	8.39939
-12.753	8.9722
-12.4223	10.0248
-11.6505	9.3367
-11.5026	0.585777
-13.1828	-4.52406
-14.6761	-11.7148
-15.7965	-11.1529
-17.8764	-10.1877
-17.5861	-11.6746
-29.1701	-12.0019
-25.8563	-7.41987
-15.1464	4.03319
-16.179	1.96916
-14.8221	-3.79225
-13.8114	-6.41403
-13.9934	-9.98173
-13.7464	-12.7578
-14.0428	-13.8506
-14.4006	-13.8162
-13.9648	-12.8346
-14.0157	-10.2923
-13.2899	-7.17287
-12.1752	-3.63176
-11.0273	-0.483403
-9.05639	-1.1806
-7.45552	-6.14717
-4.46169	-9.74308
-4.08865	-9.76901
-4.63627	-6.92184
-3.88085	-7.68488
-6.02714	-3.91312
-10.5312	0.236428
-12.9199	0.818294
-14.1753	-4.69543
-13.3778	-9.83494
-12.2249	-11.5374
-12.5603	-11.6335
-13.5473	-15.1712
-12.807	-16.599
-12.3827	-17.9017
-11.2248	-18.3117
-10.3278	-16.2956
-9.09237	-14.6637
-6.40741	-12.6059
-6.56927	-9.37835
-10.3867	-5.29587
-16.7298	-5.96568
-21.7346	-12.0503
-24.2243	-14.5712
-25.4015	-11.6585
-25.9891	-14.6913
-23.1088	-15.4685
-20.6313	-16.1515
-16.2282	-15.2296
-6.25661	-21.6773
-7.30404	-22.3913
-8.15719	-23.8704
-8.86603	-26.539
-9.39247	-26.3936
-8.48281	-25.5148
-7.7803	-22.0298
-5.25076	-15.1622
-6.40023	-9.78272
-3.99756	-7.97103
-5.11128	-7.27871
-5.22471	-6.90526
-5.32254	-10.3608
-5.29433	-11.5138
-5.82524	-12.429
-6.79668	-11.4431
-6.05375	-13.8439
-6.61729	-14.0181
-7.10885	-14.2237
-10.2736	-12.8446
-12.734	-14.8597
-13.481	-12.2289
-13.253	-9.56995
-12.2333	-7.17256
-9.37257	-5.56347
-5.87933	-7.5056
-3.55398	-8.82405
-2.26136	-8.7289
-2.13868	-7.46505
-1.62057	-7.47894
-1.32872	-4.9426
-6.29327	-1.64377
-15.8021	1.08015
-15.7684	3.15377
-20.5213	1.19131
-22.517	-0.808592
-22.6701	-7.32152
-19.7958	-6.70908
-14.7787	-4.41455
-7.82685	-2.50404
-6.52533	-16.0187
-7.85291	-17.9778
-8.57679	-20.9785
-8.52553	-22.8198
-9.57834	-22.3044
-10.3841	-21.5303
-11.8001	-19.8583
-12.4592	-19.4569
-12.1982	-19.7438
-10.7429	-21.4645
-10.756	-22.9498
-11.5229	-23.6472
-11.8663	-24.2045
-10.9721	-25.4324
-9.02742	-27.728
-8.81734	-26.5361
-10.3613	-20.2015
-13.5955	-10.1685
-16.8364	-2.45389
-22.5529	0.803466
-24.0467	-3.6298
-28.1807	-7.5437
-26.2889	-9.17978
-28.4269	-13.4423
-29.0098	-10.4902
-28.5028	-8.94067
-26.1567	-9.33966
-20.7199	-16.2332
-14.5913	-18.3742
-9.71519	-18.7929
-7.14655	-22.4884
-5.7072	-27.5381
-7.23724	-25.4774
-6.37331	-22.1136
-7.56135	-16.8179
-6.89353	-17.5391
-6.34585	-16.8036
-5.71638	-15.947
-5.52137	-13.7307
-4.81084	-11.7012
-4.10977	-8.76237
-3.26123	-6.38755
-3.8934	-5.97248
-5.65836	-5.84406
-9.99167	-8.12431
-16.1133	-14.009
-24.3204	-14.3844
-26.8804	-17.5735
-17.5322	-15.8966
-17.1008	-11.8218
-14.8681	-10.8059
-10.8749	-11.5332
-12.9565	-4.62656
-11.1491	-11.6042
-13.5084	-11.7432
-12.8934	-14.2069
-12.5875	-15.7895
-13.0027	-16.2525
-12.8603	-16.2186
-12.9633	-14.7509
-12.608	-13.9417
-11.8343	-14.3971
-10.8949	-14.529
-9.92989	-14.0649
-8.98266	-14.6845
-5.16008	-14.3667
-4.18425	-9.54506
-5.12264	-8.20465
-4.10493	-10.9284
-5.12979	-9.10902
-3.81745	-10.8135
-4.67552	-10.627
-7.38429	-8.80192
-9.98809	-2.69269
-8.74684	2.35196
-9.54581	2.99463
-9.591	2.02548
-10.3796	1.49454
-10.6839	1.92076
-9.80885	3.01867
-8.81243	-0.725688
-8.9108	-2.12132
-12.1966	-1.87207
-17.6877	-2.01778
-23.2035	-4.15734
-21.5814	-4.04491
-21.3984	-4.9343
-21.621	-5.3975
-21.7598	-5.34049
-21.5337	-5.67669
-23.9374	-7.94071
-22.4484	-6.99982
-22.4554	-5.42741
-23.4425	-7.92287
-20.8047	-8.38938
-19.689	-6.67116
-18.447	-6.99461
-17.4653	-6.6702
-16.9906	-6.79156
-14.3552	-10.231
-16.7644	-13.6457
-14.8042	-14.0905
-15.9219	-14.5474
-16.5458	-15.0272
-17.7434	-14.9446
-17.2003	-15.455
-16.0904	-17.0271
-15.7172	-12.0554
-16.8375	-10.6675
-19.4581	-15.4228
-18.745	-17.8646
-17.4389	-14.8082
-18.3645	-15.1274
-19.9868	-14.5997
-19.8703	-17.5995
-20.3801	-16.3424
-21.7421	-18.2688
-21.0241	-20.6984
-21.4867	-18.0049
-18.3181	-16.4976
-20.5999	-13.2079
-24.1677	-12.322
-25.4696	-11.6538
-25.2459	-10.9046
-26.7321	-10.1364
-28.6924	-9.81593
-28.313	-13.1476
-27.964	-9.555
-22.8689	-3.81724
-17.7953	1.98188
-16.1763	1.31065
-13.9896	-0.386127
-15.3336	1.52539
-15.2893	3.66343
-13.3533	2.10509
-11.9853	5.62703
-13.6877	4.31449
-16.6669	4.18561
-21.92	-0.883873
-24.8222	-3.51712
-26.2545	-7.45818
-27.6618	-8.33515
-28.9661	-8.94973
-27.7962	-13.0937
-26.0973	-13.3865
-27.6236	-18.0684
-22.1819	-14.4529
-14.329	-10.5779
-12.5403	-16.2626
-10.3932	-22.3961
-12.5435	-24.368
-14.8884	-24.8177
-17.0538	-24.3134
-17.1942	-25.5393
-17.8277	-25.0343
-18.3391	-25.1523
-17.798	-26.0568
-17.8579	-25.5965
-18.0029	-25.2283
-18.309	-25.028
-18.4524	-23.1506
-18.3205	-22.0709
-18.3493	-19.7401
-17.4628	-17.027
-15.5097	-14.6944
-11.3628	-14.304
-10.5158	-13.9271
-8.7626	-12.534
-6.67058	-11.1057
-5.59265	-11.8865
-4.73499	-13.3471
-3.81557	-11.6251
-4.79555	-11.0177
-4.45136	-8.30327
-5.05585	-8.22791
-8.65198	-7.88564
-20.1552	-11.1323
-20.5395	-8.3172
-26.8973	-0.417674
-28.7771	-4.7835
-28.3132	-5.58619
-29.1081	-6.56123
-30.752	-9.05883
-30.2373	-6.3968
-27.2719	-11.0714
-17.8004	-11.7241
-8.5186	-12.191
-15.3927	-13.7478
-18.1459	-14.8523
-20.2276	-17.2922
-19.6225	-14.467
-19.6021	-14.3271
-20.3562	-15.9646
-21.8066	-16.2033
-20.2346	-15.3739
-20.4177	-19.515
-11.4113	-13.0815
-14.6334	-12.1715
-4.18922	-13.746
-3.33471	-14.8777
-3.53366	-13.9758
-3.37364	-13.6974
-2.81656	-13.4256
-3.88411	-14.5894
-5.95739	-12.6939
-6.1249	-10.9461
-6.1879	-11.1591
-5.63182	-11.5644
-4.96592	-11.4153
-5.09258	-11.0326
-5.78342	-10.6229
-4.90337	-10.2025
-4.18047	-12.0995
-5.19051	-11.7635
-5.54823	-11.9026
-5.25578	-13.7644
-6.25892	-13.5932
-8.18551	-12.7536
-11.2422	-16.5792
-13.2458	-16.167
-14.9329	-13.9191
-15.8895	-13.1704
-16.262	-12.6205
-16.7978	-12.6766
-17.067	-12.1525
-16.889	-12.1251
-16.7192	-12.5454
-16.0506	-13.0801
-15.1129	-13.7912
-13.467	-15.1483
-11.8952	-15.7169
-7.9561	-17.6937
-7.33494	-14.3547
-6.73644	-12.5462
-6.47239	-10.1338
-8.33484	-8.51837
-13.2106	-6.55879
-19.0143	-9.64946
-23.7618	-9.71849
-25.7229	-6.10832
-23.71	-11.0085
-25.1017	-9.68567
-24.0955	-11.2554
-26.6629	-15.2901
-25.8301	-14.2105
-26.9691	-12.8363
-23.0826	-9.82609
-15.6099	-11.689
-17.8989	-17.2996
-21.9374	-17.5171
-21.065	-17.6847
-21.8652	-17.6971
-21.5788	-14.8582
-21.1167	-16.8214
-20.8489	-16.2545
-20.0107	-20.0064
-22.284	-16.6412
-17.2011	-9.28052
-15.4601	-5.12659
-21.0487	-8.55921
-15.0923	-3.81049
-11.8627	-1.57749
-10.7952	-9.38554
-6.67477	-12.9253
-3.18812	-11.7998
-1.41023	-9.36668
0.857919	-11.3796
0.712921	-14.0461
-0.797231	-11.5326
-0.947931	-10.8597
-1.6512	-10.7463
-3.0233	-8.06055
-4.65652	-9.33663
-6.61681	-8.45745
-9.51471	-8.68953
-12.9855	-5.16059
-14.7685	-2.47007
-15.8356	-0.618809
-16.2167	1.73071
-15.4352	1.24693
-12.7416	2.3067
-5.79587	-1.4437
-5.01462	-4.20552
-4.92764	-5.90232
-6.01181	-2.35277
-7.57424	-4.41873
-6.34812	-5.34214
-6.07838	-6.59029
-6.79331	-3.95691
-7.45471	-4.55341
-12.6001	-6.71024
-17.2372	-11.7778
-18.2457	-9.8097
-15.3573	-0.704625
-16.91	4.86932
-15.7018	4.85779
-16.78	5.39835
-16.9569	7.1307
-16.7287	7.1428
-16.6378	6.6949
-16.6778	7.03721
-16.8277	7.29438
-16.7409	7.66204
-16.3712	6.22117
-16.0244	5.08652
-15.475	2.16191
-15.6065	-0.449159
-15.258	-3.24506
-15.0157	-6.18488
-14.4782	-10.0859
-13.6637	-11.4632
-11.7292	-14.6048
-11.8774	-16.396
-9.43205	-19.5608
-9.4936	-17.0157
-11.1431	-18.0578
-8.46151	-17.8005
-7.20778	-18.6111
-9.17761	-16.5396
-8.17771	-12.2996
-10.0593	-12.1209
-15.2701	-8.75266
-20.6715	-11.6696
-23.717	-11.2806
-25.5502	-14.8047
-25.3613	-12.1206
-26.4391	-12.0873
-26.14	-11.3333
-26.7503	-10.5789
-26.2886	-10.7787
-26.98	-13.1563
-22.8352	-10.7778
-17.9335	-10.1799
-23.4185	-8.06487
-22.0851	-10.399
-23.9535	-11.7452
-26.0329	-13.4731
-24.8124	-17.1187
-22.1176	-15.4411
-19.9337	-13.2581
-20.4121	-16.0087
-18.1065	-17.0449
-20.0632	-15.329
-19.6576	-16.7052
-20.4775	-14.2428
-20.7623	-15.0276
-21.1192	-15.8167
-23.6803	-15.9481
-23.2312	-15.5021
-25.6318	-11.4734
-27.626	-14.4649
-26.3227	-14.4186
-27.2722	-10.5075
-29.2193	-12.7561
-27.5972	-11.9594
-17.9315	-4.55897
-17.9291	-7.8416
-15.6241	-9.88216
-15.9376	-8.00728
-16.1707	-7.37761
-16.2657	-6.26923
-16.6591	-4.98144
-15.9926	-4.76598
-15.3967	-5.15688
-14.9295	-6.24568
-15.3762	-7.92829
-16.4027	-9.80746
-17.0644	-10.9254
-16.9725	-12.9858
-15.8442	-14.146
-13.5748	-15.8136
-10.6462	-16.5634
-7.90378	-16.972
-5.71719	-17.3467
-4.88082	-15.9328
-4.2527	-15.973
-4.54188	-14.68
-3.66895	-14.3254
-3.07738	-12.9738
-6.95775	-12.9243
-11.8418	-15.8179
-12.7026	-19.7133
-13.4033	-21.4508
-11.2085	-22.8145
-9.05195	-20.2042
-9.92362	-21.8861
-11.4313	-23.6745
-13.7886	-23.435
-14.5913	-23.9092
-14.4955	-23.7093
-13.3405	-24.0323
-11.2752	-25.1187
-8.40645	-25.1748
-7.40744	-17.1561
-5.88167	-13.2889
-4.61696	-12.1778
-2.8592	-10.8272
-2.3337	-8.93223
-2.0951	-7.94064
-2.83138	-7.47051
-10.3081	-4.50601
-17.6446	-11.2645
-20.9908	-7.88167
-25.2184	-9.80319
-27.2155	-9.76355
-24.7744	-7.67096
-24.8321	-12.0875
-21.9976	-13.4683
-18.0781	-16.29
-16.0676	-14.676
-12.182	-15.9537
-10.7618	-24.0849
-9.96799	-26.0882
-14.146	-24.9612
-14.1863	-26.3217
-14.4478	-25.6467
-14.7362	-25.229
-13.8428	-24.5978
-13.3351	-23.9016
-11.5107	-22.97
-7.60397	-20.7567
-5.51049	-16.7972
-8.67057	-15.0257
-11.0981	-16.9321
-13.5773	-20.7854
-15.505	-20.7985
-18.3481	-17.9917
-17.4661	-11.3649
-10.577	-19.7477
-9.76651	-22.5542
-12.5125	-23.6898
-11.405	-26.6938
-13.2115	-24.3888
-11.7888	-24.7086
-9.37938	-25.1463
-9.07295	-19.9715
-5.11093	-13.3444
-4.72921	-10.3844
-6.35252	-11.9038
-6.2729	-11.3392
-16.21	-5.75171
-18.8913	-4.45682
-20.2615	0.329896
-22.2665	4.47609
-18.7933	1.16786
-14.4779	-0.606143
-9.96979	-5.75241
-8.26405	-11.2914
-8.11725	-13.7906
-8.46847	-14.1963
-8.92486	-14.3808
-9.06854	-15.4651
-8.77946	-16.8025
-10.2818	-13.2647
-11.4736	-15.1318
-10.8967	-17.4508
-10.2402	-19.3011
-10.1514	-20.5752
-9.6549	-21.5507
-7.97333	-25.3889
-8.26213	-24.4922
-8.5484	-24.4849
-7.79782	-21.0254
-8.87719	-9.28098
-7.89814	-8.97678
-5.85759	-8.76851
-6.28164	-7.39729
-4.55201	-3.4293
-3.63396	-3.90524
-4.69318	-7.22546
-9.23869	-9.85819
-20.0935	-12.9757
-23.636	-17.4123
-18.8632	-18.627
-14.2463	-15.6205
-5.2193	-13.3716
-7.94132	-16.99
-6.59335	-19.0208
-7.38386	-18.6173
-5.66316	-18.2239
-4.94248	-16.0906
-4.15058	-11.4472
-8.02324	-5.00463
-9.55263	-10.6334
-12.8574	-13.5173
-16.6824	-17.5048
-21.6829	-16.1619
-22.3943	-20.565
-19.1855	-15.8007
-10.0229	-11.2112
-10.3322	-18.3656
-7.71208	-23.7451
-6.74135	-25.0385
-6.72762	-24.4586
-6.67321	-22.364
-6.39972	-22.0708
-6.94081	-20.7094
-6.68004	-19.8737
-6.39976	-19.1659
-6.18445	-18.5482
-8.01907	-16.0917
-8.4788	-14.2148
-8.13872	-13.1724
-7.23152	-10.2096
-5.912	-8.86252
-11.8206	-5.16589
-11.8438	-6.29045
-12.7446	-3.70215
-15.0271	-2.85785
-14.1244	0.403828
-13.5576	-1.26337
-13.5672	-2.83296
-13.9805	5.07968
-13.8869	6.28363
-14.7095	7.10761
-13.4754	5.72646
-13.7697	6.15647
-14.3524	5.18565
-14.814	5.67835
-13.4373	3.69802
-13.3326	2.75814
-15.023	1.64227
-15.6213	-1.34215
-15.3144	-6.14844
-10.3749	-4.66628
-11.0839	-9.56131
-8.9324	-14.9921
-9.62337	-18.3109
-10.3945	-18.5467
-10.5953	-19.7374
-8.80001	-20.6561
-6.93525	-22.0069
-9.96721	-24.1416
-9.66501	-20.6857
-12.564	-20.6456
-12.1349	-22.7528
-14.1287	-21.1751
-18.2879	-25.132
-17.8524	-23.002
-18.1182	-18.8207
-18.5065	-19.4321
-18.2416	-16.305
-19.2913	-18.266
-19.1693	-17.597
-20.4502	-19.788
-20.7183	-17.9668
-20.6453	-16.732
-21.9728	-18.0727
-22.2451	-17.0763
-19.4085	-19.0739
-20.8531	-15.9878
-25.1725	-13.0485
-21.215	-16.7001
-19.8511	-18.2548
-20.0433	-18.7698
-20.9595	-14.8033
-24.047	-14.1579
-22.6676	-14.2962
-21.7767	-16.9085
-19.2179	-16.3153
-17.1903	-14.7774
-18.9172	-17.1083
-17.4745	-14.915
-16.0269	-10.2207
-9.57654	-8.30919
-6.70312	-14.844
-9.98855	-15.4081
-9.27853	-17.3579
-13.1787	-12.2772
-11.8589	-20.5878
-10.5533	-25.7504
-11.4842	-24.9678
-11.2406	-24.611
-8.61636	-24.3782
-7.20754	-23.3997
-6.1036	-18.7528
-5.54587	-13.444
-9.8598	-2.74955
-16.4581	-5.80696
-20.7961	-8.94913
-24.5764	-9.36454
-27.1925	-13.5731
-27.7484	-15.6529
-25.9208	-13.6855
-23.3749	-12.7356
-11.147	-15.1882
-8.83703	-19.6664
-8.30793	-22.5365
-9.62648	-23.0885
-8.43407	-25.0412
-6.59924	-27.6424
-6.3464	-26.611
-8.03433	-20.7953
-9.19057	-18.0968
-7.93083	-16.8714
-7.00911	-18.1008
-5.59054	-18.1173
-4.81285	-16.0582
-6.19223	-8.90526
-7.44529	-8.94913
-9.62398	-12.3305
-17.8628	-14.3623
-21.8631	-12.2427
-12.1029	-6.67924
-7.6277	-14.1557
-7.04073	-18.6605
-6.22666	-20.6163
-5.67368	-21.8257
-6.45097	-20.583
-6.70203	-20.7954
-6.90579	-20.3681
-5.67061	-22.3601
-5.66765	-23.0609
-5.77396	-23.7534
-10.1375	-21.5143
-9.00381	-25.0041
-8.17519	-26.6344
-8.50679	-26.7149
-9.04536	-27.0517
-7.7769	-29.3158
-9.45387	-24.8471
-9.53278	-22.6909
-8.60594	-20.2323
-6.41247	-16.6779
-9.22935	-8.66036
-13.0484	-1.31916
-17.7208	-3.11297
-21.538	-3.85094
-24.0936	-6.48941
-26.9471	-12.4279
-25.7518	-15.2704
-23.2227	-12.29
-20.262	-9.30093
-8.16331	-10.7755
-3.51659	-14.6911
-4.84059	-12.7212
-4.85574	-14.2985
-4.19109	-17.7886
-4.8117	-17.6061
-8.61532	-11.4318
-10.3625	-6.28114
-8.19442	-8.0661
-8.02664	-6.15981
-9.74439	-7.12173
-13.8942	-12.5682
-14.4851	-10.3248
-15.489	-8.84448
-16.7088	-14.6715
-19.8786	-18.4722
-20.2982	-17.4728
-18.7046	-19.8651
-19.2587	-15.634
-12.0456	-12.0689
-10.3812	-18.0057
-10.9961	-17.5973
-10.9117	-17.5823
-11.2253	-17.1653
-10.9576	-15.9095
-11.9724	-12.7368
-11.4096	-9.57052
-10.6582	-5.6142
-11.4451	-3.62267
-17.5525	-2.08458
-14.1702	-1.42241
-12.0464	-8.66711
-19.4984	-13.176
-23.6393	-14.0413
-24.4041	-7.36788
-23.7207	-7.0673
-25.578	-3.2894
-14.0548	-7.31991
-9.99771	-12.6918
-8.24752	-13.9247
-8.34437	-14.7164
-8.75967	-16.8932
-8.12562	-19.8364
-8.59432	-21.1893
-8.87649	-21.7345
-7.77533	-22.6948
-7.60424	-20.3251
-7.11158	-18.3965
-5.24334	-10.3184
-7.05008	-7.19537
-8.56319	-9.78111
-14.9692	-16.8104
-15.7049	-17.0345
-15.4141	-14.4891
-18.329	-22.3373
-16.2802	-21.0655
-13.9161	-9.5396
-9.10183	-11.1151
-8.52326	-16.2027
-9.62111	-15.7772
-4.70772	-5.40738
-8.37032	-14.9495
-10.2283	-16.5984
-11.9169	-17.5435
-12.3746	-15.6941
-11.995	-16.8162
-12.0168	-16.2095
-13.1365	-15.8018
-12.2094	-17.3762
-12.797	-16.3133
-12.3192	-16.342
-11.1875	-16.5222
-8.88858	-17.4321
-7.76381	-13.5385
-6.82677	-12.9845
-7.02101	-12.5923
-7.18078	-12.0504
-6.95999	-14.0388
-5.75392	-14.8532
-9.19977	-11.8081
-11.9903	-5.15764
-12.9005	-0.170745
-12.8743	0.982038
-11.4373	0.551107
-10.1401	0.462535
-9.4317	-0.519926
-10.6307	1.8546
-11.1316	2.09238
-10.7523	0.884623
-7.338	-1.89207
-11.5254	-2.23049
-16.5673	-3.35075
-21.7283	-3.07818
-26.7691	-6.27
-26.4491	-6.20918
-28.0909	-6.37755
-28.3998	-7.21019
-26.9215	-4.60617
-28.4052	-6.83646
-27.9087	-8.55342
-28.9882	-9.57696
-28.7731	-10.6216
-26.9739	-7.89305
-26.0726	-5.36076
-23.5697	-4.76641
-26.978	-9.275
-24.6843	-10.7625
-23.479	-11.7581
-26.3528	-11.0913
-23.3703	-10.7985
-22.2129	-15.8102
-24.2479	-18.0876
-20.5286	-12.8965
-20.8243	-16.2823
-20.9822	-17.8973
-20.8474	-17.7591
-20.873	-17.6168
-21.37	-17.6291
-11.3392	-17.2325
-7.97962	-23.0451
-6.34114	-23.0241
-4.23071	-19.5458
-4.17301	-14.2336
-3.83761	-13.1997
-3.96015	-12.1125
-2.93729	-10.5123
-2.77329	-8.72758
-1.33402	-8.24104
-7.57657	-8.10491
-25.9456	-18.7562
-18.6794	-13.8478
-6.03333	-26.0271
-6.19336	-19.3328
-7.44105	-17.6081
-5.88942	-24.5921
-6.17958	-26.8845
-6.34658	-27.0796
-7.32907	-25.7675
-5.33835	-27.7379
-6.21968	-25.2162
-5.33752	-23.3016
-4.27883	-21.8152
-4.88111	-15.8819
-5.70484	-11.0958
-6.89265	-10.8099
-8.25062	-9.93664
-9.03081	-11.0038
-7.87462	-16.7903
-5.96811	-20.4652
-6.75358	-21.6775
-6.18751	-22.9802
-6.88067	-21.488
-6.61398	-20.9494
-6.40741	-19.4653
-6.29265	-18.3819
-5.23399	-17.8565
-5.67287	-16.7422
-5.29121	-15.4889
-4.51501	-15.2652
-5.359	-14.6881
-5.86288	-14.4663
-6.02667	-15.281
-6.16146	-15.6951
-6.12269	-14.6327
-5.98378	-15.7593
-7.02958	-16.2274
-7.16819	-17.5715
-7.19246	-19.4907
-7.20641	-20.6899
-6.39534	-23.3229
-7.07803	-23.9786
-7.00399	-25.4972
-7.21319	-25.4863
-7.34745	-25.0498
-7.45231	-24.5248
-4.5362	-24.4815
-7.43659	-14.2381
-7.27924	-12.713
-8.32593	-10.6415
-7.37472	-10.702
-6.87085	-9.37394
-5.99654	-9.51773
-4.7497	-7.49523
-3.39673	-7.04082
-2.4488	-5.40075
-2.69021	-5.02736
-12.6428	-6.81244
-19.1494	-13.1894
-12.1865	-13.0196
-7.13357	-19.2902
-7.95803	-18.8455
-12.8407	-6.90291
-22.6395	2.59266
-17.9014	4.02674
-10.0473	-13.782
-8.35404	-21.6309
-8.72891	-23.7404
-9.37463	-23.8223
-8.02087	-26.6341
-7.24718	-27.5859
-6.54969	-26.262
-4.81135	-23.8028
-6.45179	-15.9796
-7.73678	-14.6163
-7.94826	-14.2184
-8.99758	-14.6577
-7.45786	-20.8441
-7.87621	-26.1049
-7.97652	-28.9929
-8.54217	-27.8021
-9.8355	-23.5291
-8.75282	-20.2096
-6.01401	-16.523
-3.82944	-10.9949
-2.77475	-9.36763
-7.00361	-9.9712
-10.4405	-8.81351
-13.1879	-10.8598
-24.1418	-16.3096
-24.2109	-18.4181
-19.7069	-8.70721
-9.94565	-8.4056
-11.659	-12.1588
-10.2474	-15.3601
-10.1341	-17.2493
-8.66075	-16.9042
-8.63597	-8.51473
-4.79692	-5.6305
-5.48284	-6.60713
-5.97818	-5.38574
-5.10146	-5.33965
-4.07369	-3.55301
-3.57507	-4.98402
-4.96072	-3.26649
-6.09941	-4.01282
-12.0883	-0.830305
-20.0056	-0.319703
-17.9016	-4.26176
-19.6652	-6.35708
-19.7958	7.87856
-16.8677	7.96976
-14.8697	3.80682
-8.48908	-7.56835
-11.8982	-13.2434
-10.9687	-17.1691
-9.97663	-19.3122
-3.24964	-15.5964
-3.41382	-16.6111
-3.7537	-13.6925
-4.07576	-18.3351
-2.48712	-15.5164
0.0307468	-16.642
-0.789575	-13.4599
0.43321	-18.4693
-1.36805	-14.0242
-2.65661	-11.4724
-4.28278	-10.4311
-8.84115	-9.72602
-15.0018	-10.5919
-18.2512	-13.5625
-19.9975	-17.7727
-19.2011	-16.2313
-18.5893	-15.0307
-21.2472	-17.0126
-19.7573	-17.6443
-21.0032	-17.5348
-21.4328	-18.1966
-18.5863	-25.6004
-17.1259	-24.1155
-16.8498	-19.2837
-17.344	-17.9772
-21.3096	-17.3225
-17.8922	-16.8121
-16.0824	-16.952
-18.1127	-17.5984
-20.2401	-17.7196
-20.2221	-18.4576
-20.6609	-19.3517
-21.9098	-16.9943
-17.8227	-15.4185
-21.5772	-12.1244
-21.1115	-18.5318
-19.5132	-17.9102
-22.7306	-16.191
-23.0458	-17.3323
-21.9423	-15.872
-21.5034	-14.6589
-21.2629	-17.3936
-21.5352	-15.9789
-19.1486	-16.5039
-17.7742	-13.085
-14.3962	-11.0003
-10.0692	-13.7795
-13.7562	-16.6185
-10.7558	-23.0911
-10.2517	-25.5795
-10.5624	-26.6848
-11.1096	-26.8326
-12.2669	-25.5887
-11.4362	-24.7132
-10.0782	-23.3154
-8.52497	-20.4773
-6.29812	-18.7556
-5.82671	-16.4033
-5.46287	-14.8636
-5.51604	-12.1849
-5.30036	-11.6189
-5.104	-11.1452
-5.90562	-10.7074
-6.49374	-8.78914
-8.26115	-7.68436
-9.06545	-7.91588
-10.5659	-8.08904
-11.8994	-7.87527
-13.0879	-7.89832
-14.6448	-6.71158
-16.3288	-3.97618
-17.3329	-1.29937
-18.3785	0.631382
-18.6013	0.985177
-18.2478	1.08612
-17.7828	-0.764278
-17.3584	-2.58691
-16.9353	-5.42263
-15.7334	-9.5061
-13.9793	-13.3852
-12.0737	-15.9207
-12.0477	-13.5756
-9.87466	-12.6045
-8.87137	-11.4971
-6.99126	-15.4663
-4.9724	-9.765
-4.36529	-9.3139
-4.70697	-7.2949
-5.37975	-8.44547
-4.61816	-11.2093
-6.14968	-11.7072
-10.2036	-17.5314
-6.86305	-24.0805
-8.47082	-24.2557
-8.80708	-24.3307
-8.94285	-24.6408
-9.66085	-23.3453
-9.71984	-23.4213
-10.5786	-21.6387
-11.039	-20.6484
-10.5066	-20.1438
-9.80156	-18.8887
-8.53773	-16.9094
-7.57142	-12.7467
-8.41737	-7.18881
-8.78543	-4.21512
-16.1663	1.49761
-22.1137	-1.99322
-25.0922	-3.763
-27.2492	-0.260181
-28.6693	-3.9076
-27.886	-10.7985
-29.357	-10.9512
-24.3007	-5.83392
-24.6758	-13.0928
-17.1921	-13.929
-6.45478	-11.7592
-5.1796	-14.5912
-5.45767	-11.912
-5.20686	-12.3367
-5.86907	-11.8599
-6.55932	-10.2426
-5.50148	-10.9013
-5.04677	-11.1217
-4.28775	-8.8139
-3.29175	-6.38114
-6.65133	-4.11951
-11.8118	-7.96345
-16.197	-11.1875
-17.9268	-13.4626
-13.3721	-7.4936
-5.35382	-22.9467
-6.71048	-20.1588
-6.95848	-21.2034
-7.08873	-20.4007
-5.55502	-18.8899
-5.01793	-13.4783
-9.47095	-7.64353
-16.7898	-4.98483
-19.5598	-7.01803
-22.51	-11.6604
-23.4995	-15.6121
-24.0417	-15.375
-22.7782	-13.3048
-21.8302	-13.6536
-15.6871	-13.9572
-8.78487	-18.0261
-5.92138	-23.8149
-6.41094	-22.8744
-6.34565	-22.2596
-6.92045	-17.7082
-7.38955	-13.2008
-7.53476	-8.48741
-9.3533	-9.62825
-11.6421	-9.83214
-16.5774	-11.7988
-17.3992	-18.5356
-18.2905	-17.3753
-17.4649	-17.1195
-15.9656	-18.6465
-17.7354	-14.789
-14.0282	-12.1493
-14.8099	-13.6486
-12.1568	-16.1894
-12.9971	-15.6812
-11.2907	-15.5535
-6.2325	-13.42
-5.40321	-14.2654
-6.11804	-13.4776
-5.1355	-13.1523
-5.7073	-12.0827
-5.7212	-12.327
-4.93553	-11.77
-3.59865	-11.2433
-6.38883	-7.36834
-7.64145	-3.33601
-8.20038	0.567684
-11.4491	-0.336668
-14.0208	-5.12771
-18.9175	-2.20908
-20.8606	-6.43861
-24.7974	-11.0566
-21.8587	-12.1926
-19.1512	-8.69914
-9.55067	-3.7057
-3.55368	-11.8225
-2.46661	-14.7987
-2.12161	-18.7385
-2.75343	-20.1823
-3.47317	-21.0459
-4.64441	-21.4221
-4.14456	-21.3988
-3.45323	-18.9575
-1.43686	-17.3927
-3.03571	-8.66407
-8.82043	-2.7134
-17.4284	-5.35844
-26.201	-5.27678
-29.4457	-5.76526
-29.9141	-5.0854
-32.9204	-5.12071
-31.8713	-4.37487
-31.5744	-3.15993
-32.7904	-7.93734
-30.1139	-7.56567
-29.0346	-12.9026
-18.1021	-11.2144
-4.78477	-9.18132
-5.73863	-9.00165
-7.14499	-7.29475
-7.10428	-9.24177
-7.68137	-9.91092
-7.06657	-12.9142
-6.09527	-14.1104
-5.28551	-17.0018
-6.23432	-17.0665
-5.54539	-20.3828
-6.29575	-21.7866
-7.28461	-23.2893
-9.37121	-22.2204
-10.4794	-22.8641
-10.3906	-23.7007
-10.9639	-24.5476
-10.81	-26.0763
-9.45677	-27.2711
-9.41333	-27.2773
-9.65591	-26.1913
-9.44089	-27.9272
-8.94141	-22.6648
-7.517	-19.6278
-4.37996	-14.1917
-6.91892	-13.0416
-5.35404	-9.94398
-5.87734	-8.49587
-4.60285	-12.2551
-4.11269	-12.1948
-6.73716	-13.0624
-8.03878	-10.8571
-7.58259	-8.59575
-9.19357	-8.32799
-10.6769	-10.5801
-13.296	-12.8357
-23.9117	-12.1506
-22.3901	-14.9055
-21.6311	-18.8199
-22.5996	-16.7293
-8.48673	-10.7203
-3.21264	-11.401
-2.6622	-14.6947
-2.3729	-13.8243
-3.51475	-15.0921
-3.5985	-16.4607
-6.78325	-14.4403
-7.30877	-10.2952
-7.90883	-10.6266
-8.62348	-10.4806
-13.4677	-6.90971
-11.1058	-11.5174
-9.57513	-21.2872
-8.43481	-25.5882
-9.42883	-26.8173
-9.34588	-27.7897
-10.38	-24.6854
-12.5526	-18.7158
-9.25653	-21.2038
-6.74761	-20.2824
-6.99652	-15.3311
-7.17032	-11.7122
-6.9385	-11.0247
-10.4645	-10.186
-17.8925	-12.4372
-21.7984	-14.186
-21.9464	-14.2811
-19.7738	-15.2042
-14.2823	-15.1338
-12.0813	-15.5076
-11.2892	-18.7212
-10.0461	-21.5417
-10.4624	-21.3386
-9.24726	-19.63
-7.23668	-16.2298
-5.40815	-11.6121
-12.1684	-0.976491
-18.3618	0.0613352
-23.0483	-1.93717
-23.4461	-7.29706
-24.2434	-5.96021
-16.091	-4.39968
-7.36692	-8.33555
-6.16154	-10.6028
-3.44438	-11.8479
-3.68861	-9.64093
-3.58596	-8.00717
-3.75613	-6.44775
-5.1047	-5.79397
-6.04187	-6.21142
-11.4081	-14.4421
-7.8052	-17.7314
-6.60332	-21.3646
-6.77627	-22.0874
-8.52815	-22.9353
-9.33809	-22.6234
-8.06475	-22.3869
-7.15129	-18.2169
-8.01156	-17.9686
-6.064	-21.6519
-3.97936	-21.5888
-2.20233	-14.5119
-5.67346	-10.5239
-7.37926	-10.165
-8.60622	-9.17839
-14.1925	-10.7691
-15.8952	-14.1119
-15.3187	-12.5563
-12.1219	-10.8304
-7.22269	-6.57033
-3.73966	-8.57021
-2.37785	-14.0075
-3.22378	-14.196
-4.30997	-15.8049
-5.63907	-14.8821
-6.46114	-9.48362
-6.18014	-5.68026
-7.1582	-6.61141
-10.5757	-5.93868
-20.9468	-13.3601
-24.0954	-17.1612
-24.3915	-14.0874
-16.3696	-12.5403
-9.90504	-8.98514
-9.65573	-17.7891
-10.0853	-19.0609
-12.2144	-17.292
-11.3953	-18.5636
-11.4098	-17.0671
-10.0484	-16.9159
-8.27338	-16.0006
-6.86374	-14.1442
-6.59928	-10.4865
-6.12489	-8.22989
-4.34556	-8.63833
-3.60257	-7.28515
-2.89535	-4.21634
-14.0613	-3.37728
-21.0867	-8.49347
-22.1782	-7.42584
-22.2434	-8.61524
-27.5744	-13.8974
-25.0697	-12.0847
-13.3782	-6.62432
-7.2121	-11.7946
-8.17856	-13.1365
-9.40777	-14.8713
-9.7417	-16.8385
-8.46024	-21.1723
-8.12344	-23.0099
-7.70265	-24.1838
-8.825	-22.8378
-9.60347	-22.7444
-10.2	-23.8401
-11.7499	-23.3394
-12.9473	-21.7921
-14.4323	-18.8174
-15.1312	-15.5247
-15.8193	-10.497
-16.0126	-4.9675
-14.6502	-1.80942
-11.6752	-2.99291
-5.98421	-10.4679
-5.43767	-10.7014
-4.41768	-8.71837
-4.2244	-8.77247
-2.8719	-6.26277
-3.78959	-2.05455
-6.43688	-5.4023
-11.3019	-9.27419
-14.7668	-11.0102
-23.9612	-16.643
-23.3451	-18.1996
-11.7522	-16.132
-12.0545	-20.1547
-10.3747	-21.4832
-10.3699	-22.494
-9.46214	-24.1099
-8.71876	-24.914
-9.16505	-22.8057
-10.761	-14.8708
-10.9003	-17.7282
-9.68444	-21.0784
-7.02103	-22.0202
-4.96342	-20.3029
-3.47242	-17.4836
-4.33116	-17.019
-5.13714	-16.3469
-6.03089	-17.4679
-7.07621	-17.0796
-7.69731	-18.8392
-7.47731	-21.7063
-7.88007	-23.0973
-9.49388	-23.7102
-10.6434	-23.4725
-10.6133	-23.676
-10.4156	-22.4402
-7.84844	-23.1022
-7.69131	-17.1175
-7.87639	-11.228
-7.35126	-12.0542
-7.27873	-10.8884
-6.85737	-10.663
-10.2651	-5.24491
-10.3289	-3.03946
-11.3935	0.880762
-12.9873	1.29925
-13.7635	2.47005
-15.1532	2.74338
-15.727	1.53646
-16.0373	-1.53323
-15.3806	-7.14424
-15.0161	-11.6914
-14.1507	-17.2736
-13.1499	-21.5911
-13.1527	-23.7529
-11.3813	-26.574
-9.29959	-26.7188
-10.8821	-22.2488
-10.9907	-21.1401
-13.5944	-16.3098
-10.6321	-20.2086
-12.6724	-19.8759
-13.5908	-22.0164
-13.8098	-22.461
-12.2203	-23.0384
-10.5245	-21.6521
-8.0729	-20.1057
-6.39043	-17.424
-5.28268	-15.547
-4.6056	-14.9295
-5.25778	-13.5683
-4.47386	-14.3903
-4.64421	-15.6582
-7.36708	-11.1068
-6.686	-9.9506
-7.17743	-7.92668
-7.28807	-7.68904
-6.29393	-7.98506
-7.20677	-6.05696
-9.05913	-2.71214
-11.9931	1.34389
-13.1599	3.23988
-15.469	3.76122
-16.9169	2.55569
-17.2386	0.212931
-16.9415	-3.36087
-16.4263	-6.50227
-14.5447	-9.32928
-11.5792	-12.0827
-7.92736	-13.2965
-5.74894	-10.0898
-8.5545	-2.30405
-16.0307	-0.350979
-24.6824	-4.39917
-25.2885	-2.60634
-26.0153	-6.1922
-28.3778	-8.37937
-28.6143	-12.6565
-28.4915	-12.4546
-25.9182	-9.97738
-22.4901	-13.2004
-20.7404	-14.5534
-18.7203	-15.1309
-15.4067	-15.3621
-5.94481	-10.4821
-6.13989	-9.99809
-4.80976	-6.69525
-5.01744	-7.29395
-5.57044	-8.74633
-7.42368	-11.7023
-6.92173	-8.35108
-9.31008	-7.57355
-13.0278	-4.84198
-14.2863	-3.81131
-15.4516	-0.325327
-16.6673	2.16362
-17.3302	1.91037
-17.2709	1.12423
-16.5861	-0.424848
-15.7162	-3.74255
-14.0081	-7.4287
-13.9771	-10.3692
-12.2799	-11.834
-10.6318	-12.359
-10.6666	-9.71245
-9.25832	-11.1687
-7.70898	-8.63088
-8.94707	-4.37015
-12.5738	-5.65407
-15.599	-13.4143
-19.3541	-11.0864
-27.849	-13.937
-18.843	-15.7603
-17.9146	-5.40205
-18.5806	-7.41266
-14.6225	0.593973
-10.5191	-1.84048
-11.5989	2.12428
-12.6372	1.18637
-13.3936	2.084
-14.7877	-3.45951
-17.9378	-16.3326
-20.222	-7.65671
-21.7162	-11.8349
-22.4132	-11.749
-19.2659	-15.3178
-20.4434	-16.7346
-15.7169	-15.6571
-15.8563	-16.1868
-18.9484	-17.7532
-17.3979	-21.9236
-13.6786	-20.1347
-7.91946	-15.9424
-9.73179	-18.977
-8.63436	-21.4392
-10.397	-18.8046
-9.92679	-22.685
-11.5758	-22.1139
-14.2688	-26.4711
-15.8997	-23.4033
-16.045	-23.9891
-15.6285	-20.4204
-14.4029	-19.1593
-16.8679	-18.4226
-19.7915	-20.0727
-19.8935	-14.9047
-20.6726	-17.6122
-19.6881	-17.4918
-21.6272	-19.5833
-19.4062	-14.6917
